BASE            FILTER  SEEING  RATE_BBCR  TOTAL_BBCR  EXPTIME  RMS    ERASED  TOTAL  CRonSTAR  FT400_new  LastStretch  SS_removed
SUPA0118315_1   W-J-B   0.84    1.54       277         180      12.31  0       279    2         0          5            4
SUPA0118315_10  W-J-B   0.84    1.17       211         180      12.31  0       212    1         1          2            7
SUPA0118315_2   W-J-B   0.84    1.24       224         180      12.25  0       226    2         0          7            3
SUPA0118315_3   W-J-B   0.84    1.28       230         180      12.19  0       232    2         0          6            6
SUPA0118315_4   W-J-B   0.84    1.43       257         180      12.25  0       260    3         0          3            5
SUPA0118315_5   W-J-B   0.84    1.86       335         180      12.61  0       335    0         0          15           5
SUPA0118315_6   W-J-B   0.84    1.16       209         180      12.72  0       209    0         0          5            5
SUPA0118315_7   W-J-B   0.84    1.24       223         180      12.14  0       224    1         1          5            3
SUPA0118315_8   W-J-B   0.84    1.42       255         180      12.02  0       257    2         0          5            2
SUPA0118315_9   W-J-B   0.84    1.52       273         180      12.01  0       275    2         0          7            5
SUPA0118316_1   W-J-B   0.84    1.33       240         180      12.46  0       240    0         0          4            5
SUPA0118316_10  W-J-B   0.84    1.39       251         180      12.46  0       251    0         0          8            4
SUPA0118316_2   W-J-B   0.84    1.46       263         180      12.36  0       264    1         1          6            3
SUPA0118316_3   W-J-B   0.84    1.16       209         180      12.26  0       211    2         0          2            4
SUPA0118316_4   W-J-B   0.84    1.31       235         180      12.39  0       237    2         0          7            2
SUPA0118316_5   W-J-B   0.84    1.29       232         180      12.84  0       233    1         0          2            2
SUPA0118316_6   W-J-B   0.84    1.65       297         180      12.88  0       299    2         0          9            7
SUPA0118316_7   W-J-B   0.84    1.22       220         180      12.36  0       224    4         0          5            2
SUPA0118316_8   W-J-B   0.84    1.21       218         180      12.14  0       219    1         0          3            5
SUPA0118316_9   W-J-B   0.84    1.47       264         180      12.04  0       266    2         0          7            7
SUPA0118317_1   W-J-B   0.75    1.34       242         180      12.45  0       242    0         0          4            4
SUPA0118317_10  W-J-B   0.75    1.31       235         180      12.45  0       235    0         0          6            4
SUPA0118317_2   W-J-B   0.75    1.07       193         180      12.37  0       195    2         0          8            7
SUPA0118317_3   W-J-B   0.75    1.37       246         180      12.24  0       248    2         0          6            5
SUPA0118317_4   W-J-B   0.75    1.39       250         180      12.38  0       252    2         1          3            3
SUPA0118317_5   W-J-B   0.75    1.32       237         180      12.81  0       238    1         0          3            4
SUPA0118317_6   W-J-B   0.75    1.29       232         180      12.88  0       236    4         0          3            4
SUPA0118317_7   W-J-B   0.75    1.22       220         180      12.33  0       223    3         0          4            5
SUPA0118317_8   W-J-B   0.75    1.21       218         180      12.13  0       220    2         0          5            6
SUPA0118317_9   W-J-B   0.75    1.24       224         180      12.02  0       225    1         1          8            4
SUPA0118318_1   W-J-B   0.68    1.14       206         180      12.40  0       208    2         0          0            5
SUPA0118318_10  W-J-B   0.68    1.27       229         180      12.40  0       230    1         0          5            6
SUPA0118318_2   W-J-B   0.68    1.34       242         180      12.41  0       244    2         0          6            3
SUPA0118318_3   W-J-B   0.68    1.36       244         180      12.29  0       246    2         1          8            5
SUPA0118318_4   W-J-B   0.68    1.26       227         180      12.36  0       234    7         0          9            5
SUPA0118318_5   W-J-B   0.68    1.10       198         180      12.72  0       199    1         0          4            1
SUPA0118318_6   W-J-B   0.68    1.44       259         180      12.88  0       259    0         1          6            4
SUPA0118318_7   W-J-B   0.68    1.28       230         180      12.32  0       232    2         0          6            3
SUPA0118318_8   W-J-B   0.68    1.24       223         180      12.16  0       227    4         0          4            4
SUPA0118318_9   W-J-B   0.68    1.41       253         180      12.10  0       255    2         0          4            6
SUPA0118319_1   W-J-B   0.69    1.28       230         180      12.52  0       232    2         0          7            6
SUPA0118319_10  W-J-B   0.69    1.43       258         180      12.52  0       258    0         0          5            6
SUPA0118319_2   W-J-B   0.69    1.33       239         180      12.39  0       241    2         0          6            3
SUPA0118319_3   W-J-B   0.69    1.31       236         180      12.29  0       239    3         0          5            7
SUPA0118319_4   W-J-B   0.69    1.67       300         180      12.44  0       302    2         0          4            6
SUPA0118319_5   W-J-B   0.69    1.74       313         180      12.95  0       317    4         0          10           3
SUPA0118319_6   W-J-B   0.69    1.27       228         180      12.95  0       230    2         0          4            5
SUPA0118319_7   W-J-B   0.69    1.17       211         180      12.39  0       213    2         0          4            6
SUPA0118319_8   W-J-B   0.69    1.43       258         180      12.18  0       263    5         0          9            3
SUPA0118319_9   W-J-B   0.69    1.28       231         180      12.07  0       234    3         0          9            2
SUPA0118320_1   W-J-B   0.73    1.18       213         180      12.44  0       218    5         0          5            5
SUPA0118320_10  W-J-B   0.73    1.23       221         180      12.44  0       222    1         0          6            5
SUPA0118320_2   W-J-B   0.73    1.23       222         180      12.45  0       224    2         0          5            4
SUPA0118320_3   W-J-B   0.73    1.34       242         180      12.35  0       242    0         0          9            1
SUPA0118320_4   W-J-B   0.73    1.48       267         180      12.43  0       272    5         0          8            5
SUPA0118320_5   W-J-B   0.73    1.41       253         180      12.77  0       256    3         0          4            5
SUPA0118320_6   W-J-B   0.73    1.59       286         180      12.96  0       286    0         0          6            10
SUPA0118320_7   W-J-B   0.73    1.25       225         180      12.36  0       226    1         0          3            6
SUPA0118320_8   W-J-B   0.73    1.19       215         180      12.23  0       219    4         0          5            6
SUPA0118320_9   W-J-B   0.73    1.24       224         180      12.16  0       227    3         0          3            2
SUPA0118321_1   W-J-B   0.75    1.18       213         180      12.62  0       215    2         1          5            11
SUPA0118321_10  W-J-B   0.75    1.24       223         180      12.62  0       223    0         0          1            2
SUPA0118321_2   W-J-B   0.75    1.19       214         180      12.47  0       215    1         0          7            4
SUPA0118321_3   W-J-B   0.75    1.30       234         180      12.36  0       236    2         0          9            1
SUPA0118321_4   W-J-B   0.75    1.41       254         180      12.48  0       254    0         0          6            6
SUPA0118321_5   W-J-B   0.75    1.34       242         180      13.09  0       245    3         1          4            5
SUPA0118321_6   W-J-B   0.75    1.42       255         180      13.00  0       260    5         0          3            4
SUPA0118321_7   W-J-B   0.75    1.29       232         180      12.46  0       235    3         0          4            5
SUPA0118321_8   W-J-B   0.75    1.29       233         180      12.24  0       236    3         0          0            3
SUPA0118321_9   W-J-B   0.75    1.45       261         180      12.14  0       262    1         0          4            2
SUPA0118322_1   W-J-B   0.69    1.29       232         180      12.62  0       235    3         0          5            3
SUPA0118322_10  W-J-B   0.69    1.29       232         180      12.62  0       232    0         0          4            4
SUPA0118322_2   W-J-B   0.69    1.37       247         180      12.51  0       248    1         0          4            3
SUPA0118322_3   W-J-B   0.69    1.24       223         180      12.40  0       225    2         0          6            4
SUPA0118322_4   W-J-B   0.69    1.29       233         180      12.53  0       233    0         0          7            6
SUPA0118322_5   W-J-B   0.69    1.24       224         180      13.14  0       228    4         0          3            1
SUPA0118322_6   W-J-B   0.69    1.36       245         180      13.05  0       250    5         0          8            3
SUPA0118322_7   W-J-B   0.69    1.76       316         180      12.50  0       318    2         0          6            2
SUPA0118322_8   W-J-B   0.69    1.39       251         180      12.26  0       257    6         0          7            2
SUPA0118322_9   W-J-B   0.69    1.28       230         180      12.14  0       231    1         0          9            7
SUPA0118323_1   W-J-B   0.66    1.02       183         180      12.63  0       186    3         1          2            6
SUPA0118323_10  W-J-B   0.66    1.15       207         180      12.63  0       207    0         0          3            3
SUPA0118323_2   W-J-B   0.66    1.48       267         180      12.55  0       270    3         0          7            0
SUPA0118323_3   W-J-B   0.66    1.11       200         180      12.45  0       200    0         0          4            5
SUPA0118323_4   W-J-B   0.66    1.09       196         180      12.47  0       201    5         0          3            3
SUPA0118323_5   W-J-B   0.66    1.28       231         180      12.91  0       235    4         0          3            5
SUPA0118323_6   W-J-B   0.66    1.33       240         180      13.09  1       240    0         0          3            6
SUPA0118323_7   W-J-B   0.66    1.19       214         180      12.48  0       216    2         0          3            5
SUPA0118323_8   W-J-B   0.66    1.07       193         180      12.37  0       197    4         0          9            4
SUPA0118323_9   W-J-B   0.66    1.27       228         180      12.31  0       232    4         0          2            7
