BASE            FILTER  SEEING  RATE_BBCR  TOTAL_BBCR  EXPTIME  RMS    ERASED  TOTAL  CRonSTAR  FT400_new  LastStretch  SS_removed
SUPA0121402_8   W-S-I+  0.77    1.37       328         240      51.94  0       334    6         1          6            6
SUPA0121389_1   W-S-I+  0.87    1.40       336         240      52.32  0       341    5         1          6            6
SUPA0121389_10  W-S-I+  0.87    1.30       313         240      52.32  0       327    14        0          9            6
SUPA0121389_2   W-S-I+  0.87    1.37       328         240      50.26  0       358    30        0          6            7
SUPA0121389_3   W-S-I+  0.87    1.48       354         240      50.30  0       364    10        0          13           2
SUPA0121389_4   W-S-I+  0.87    1.20       289         240      50.23  0       309    20        1          8            1
SUPA0121389_5   W-S-I+  0.87    1.20       287         240      52.35  0       298    11        0          7            5
SUPA0121389_6   W-S-I+  0.87    1.28       308         240      51.88  0       328    20        0          3            4
SUPA0121389_7   W-S-I+  0.87    1.39       333         240      50.10  0       368    35        0          10           3
SUPA0121389_8   W-S-I+  0.87    1.36       326         240      49.99  0       351    25        1          11           3
SUPA0121389_9   W-S-I+  0.87    1.40       335         240      50.07  0       352    17        0          13           5
SUPA0121390_1   W-S-I+  0.85    1.20       289         240      51.27  1       296    7         0          11           4
SUPA0121390_10  W-S-I+  0.85    1.31       314         240      51.27  0       334    20        1          10           3
SUPA0121390_2   W-S-I+  0.85    1.25       301         240      49.44  0       340    39        0          10           1
SUPA0121390_3   W-S-I+  0.85    1.28       308         240      49.26  0       320    12        0          9            3
SUPA0121390_4   W-S-I+  0.85    1.14       274         240      49.20  0       303    29        3          3            8
SUPA0121390_5   W-S-I+  0.85    1.33       320         240      51.26  0       339    19        0          14           3
SUPA0121390_6   W-S-I+  0.85    1.47       352         240      50.98  0       388    36        0          10           2
SUPA0121390_7   W-S-I+  0.85    1.39       333         240      49.12  0       391    58        1          9            6
SUPA0121390_8   W-S-I+  0.85    1.28       308         240      49.07  0       328    20        1          5            2
SUPA0121390_9   W-S-I+  0.85    1.21       290         240      49.02  0       315    25        0          6            4
SUPA0121391_1   W-S-I+  0.77    1.35       324         240      50.81  0       334    10        0          7            6
SUPA0121391_10  W-S-I+  0.77    1.40       337         240      50.81  0       357    20        0          5            7
SUPA0121391_3   W-S-I+  0.77    1.46       351         240      49.01  1       367    16        1          18           2
SUPA0121391_4   W-S-I+  0.77    1.40       337         240      48.89  0       374    37        0          12           7
SUPA0121391_5   W-S-I+  0.77    1.35       325         240      50.81  0       346    21        0          12           8
SUPA0121391_6   W-S-I+  0.77    1.30       311         240      50.66  0       353    42        0          12           3
SUPA0121391_7   W-S-I+  0.77    1.35       323         240      48.61  1       386    63        0          8            7
SUPA0121391_8   W-S-I+  0.77    1.51       362         240      48.68  0       381    19        0          8            8
SUPA0121391_9   W-S-I+  0.77    1.38       332         240      48.74  0       374    42        0          14           10
SUPA0121392_1   W-S-I+  0.81    1.30       312         240      52.10  0       318    6         0          11           4
SUPA0121392_10  W-S-I+  0.81    1.37       329         240      52.10  0       338    9         0          5            2
SUPA0121392_2   W-S-I+  0.81    1.20       288         240      50.04  1       307    19        0          13           3
SUPA0121392_3   W-S-I+  0.81    1.20       287         240      50.07  0       300    13        1          6            0
SUPA0121392_4   W-S-I+  0.81    1.41       338         240      49.95  1       345    7         0          9            5
SUPA0121392_5   W-S-I+  0.81    1.23       296         240      52.19  0       336    40        0          5            3
SUPA0121392_6   W-S-I+  0.81    1.28       307         240      51.57  0       316    9         0          5            3
SUPA0121392_7   W-S-I+  0.81    1.15       275         240      49.75  0       303    28        1          2            3
SUPA0121392_8   W-S-I+  0.81    1.23       294         240      49.75  0       307    13        0          5            4
SUPA0121392_9   W-S-I+  0.81    1.31       314         240      49.89  0       334    20        1          4            2
SUPA0121402_1   W-S-I+  0.77    1.35       324         240      54.51  1       325    1         0          10           6
SUPA0121402_10  W-S-I+  0.77    1.31       314         240      54.51  0       318    4         0          7            7
SUPA0121402_2   W-S-I+  0.77    1.47       353         240      52.20  0       368    15        0          8            7
SUPA0121402_3   W-S-I+  0.77    1.18       284         240      52.07  0       285    1         0          9            4
SUPA0121402_4   W-S-I+  0.77    1.36       327         240      52.25  0       330    3         0          11           7
SUPA0121402_5   W-S-I+  0.77    1.26       303         240      54.46  0       307    4         0          7            4
SUPA0121402_6   W-S-I+  0.77    1.25       299         240      53.86  0       306    7         0          5            1
SUPA0121402_7   W-S-I+  0.77    1.32       317         240      52.01  0       337    20        1          4            6
SUPA0121402_9   W-S-I+  0.77    1.21       290         240      52.20  0       297    7         1          5            1
SUPA0121403_1   W-S-I+  0.82    1.28       307         240      55.32  0       307    0         0          3            6
SUPA0121403_10  W-S-I+  0.82    1.16       278         240      55.32  0       278    0         0          6            2
SUPA0121403_2   W-S-I+  0.82    1.26       302         240      52.85  0       307    5         0          6            4
SUPA0121403_3   W-S-I+  0.82    1.28       307         240      52.68  0       307    0         0          6            7
SUPA0121403_4   W-S-I+  0.82    1.59       381         240      53.01  0       384    3         0          9            3
SUPA0121403_5   W-S-I+  0.82    1.14       274         240      55.16  0       275    1         0          6            4
SUPA0121403_6   W-S-I+  0.82    1.15       277         240      54.47  0       282    5         0          7            5
SUPA0121403_7   W-S-I+  0.82    1.31       314         240      52.69  0       325    11        1          7            3
SUPA0121403_8   W-S-I+  0.82    1.18       283         240      52.57  0       285    2         0          8            6
SUPA0121403_9   W-S-I+  0.82    1.39       333         240      52.91  0       337    4         0          10           0
SUPA0121404_1   W-S-I+  0.77    1.22       292         240      53.99  0       295    3         0          9            0
SUPA0121404_10  W-S-I+  0.77    1.37       328         240      53.99  0       330    2         0          8            4
SUPA0121404_2   W-S-I+  0.77    1.04       250         240      51.73  0       256    6         0          4            6
SUPA0121404_3   W-S-I+  0.77    1.29       309         240      51.59  0       312    3         1          5            2
SUPA0121404_4   W-S-I+  0.77    1.18       282         240      51.81  0       283    1         0          5            8
SUPA0121404_5   W-S-I+  0.77    1.30       311         240      53.98  1       336    25        0          3            4
SUPA0121404_6   W-S-I+  0.77    1.20       289         240      53.36  0       293    4         0          4            2
SUPA0121404_7   W-S-I+  0.77    1.30       311         240      51.56  0       320    9         0          7            4
SUPA0121404_8   W-S-I+  0.77    1.39       334         240      51.50  0       342    8         0          8            1
SUPA0121404_9   W-S-I+  0.77    1.30       313         240      51.66  1       319    6         0          9            4
SUPA0121405_1   W-S-I+  0.80    1.08       259         240      55.30  0       268    9         0          5            6
SUPA0121405_10  W-S-I+  0.80    1.15       275         240      55.30  0       276    1         0          7            4
SUPA0121405_2   W-S-I+  0.80    1.13       271         240      52.93  0       276    5         0          3            4
SUPA0121405_3   W-S-I+  0.80    1.33       319         240      52.83  0       323    4         1          8            4
SUPA0121405_4   W-S-I+  0.80    1.18       284         240      53.07  0       289    5         0          5            4
SUPA0121405_5   W-S-I+  0.80    1.27       304         240      55.31  0       329    25        1          6            3
SUPA0121405_6   W-S-I+  0.80    1.05       252         240      54.76  0       255    3         1          9            2
SUPA0121405_7   W-S-I+  0.80    1.30       312         240      52.83  0       317    5         0          8            0
SUPA0121405_8   W-S-I+  0.80    1.20       289         240      52.70  0       294    5         0          7            8
SUPA0121405_9   W-S-I+  0.80    1.30       313         240      52.98  0       316    3         0          5            4
SUPA0121406_1   W-S-I+  0.73    1.18       283         240      55.02  1       287    4         1          3            2
SUPA0121406_10  W-S-I+  0.73    1.34       322         240      55.02  1       332    10        0          9            5
SUPA0121406_2   W-S-I+  0.73    1.09       262         240      52.84  1       280    18        0          7            6
SUPA0121406_3   W-S-I+  0.73    1.13       272         240      52.77  1       280    8         1          11           6
SUPA0121406_4   W-S-I+  0.73    1.23       295         240      52.85  0       302    7         0          8            7
SUPA0121406_5   W-S-I+  0.73    1.37       328         240      55.08  0       337    9         0          5            4
SUPA0121406_6   W-S-I+  0.73    1.18       284         240      54.57  0       293    9         0          4            4
SUPA0121406_7   W-S-I+  0.73    1.19       285         240      52.72  0       315    30        0          5            4
SUPA0121406_8   W-S-I+  0.73    1.23       295         240      52.56  2       305    10        0          7            6
SUPA0121406_9   W-S-I+  0.73    1.13       271         240      52.70  2       283    12        0          4            8
SUPA0121407_1   W-S-I+  0.81    1.25       301         240      54.61  0       301    0         0          4            11
SUPA0121407_10  W-S-I+  0.81    1.38       330         240      54.61  0       333    3         0          7            3
SUPA0121407_2   W-S-I+  0.81    1.10       265         240      52.23  0       276    11        0          10           3
SUPA0121407_3   W-S-I+  0.81    1.09       261         240      52.15  0       263    2         0          7            5
SUPA0121407_4   W-S-I+  0.81    1.27       306         240      52.38  0       308    2         0          5            1
SUPA0121407_5   W-S-I+  0.81    1.41       338         240      54.55  0       342    4         0          10           5
SUPA0121407_6   W-S-I+  0.81    1.16       279         240      53.86  0       287    8         1          10           8
SUPA0121407_7   W-S-I+  0.81    1.20       288         240      52.03  0       306    18        0          3            0
SUPA0121407_8   W-S-I+  0.81    1.47       352         240      52.05  0       359    7         1          12           4
SUPA0121407_9   W-S-I+  0.81    1.30       313         240      52.24  0       320    7         0          10           5
SUPA0121408_1   W-S-I+  0.82    1.15       276         240      53.99  0       276    0         0          3            5
SUPA0121408_10  W-S-I+  0.82    1.27       304         240      53.99  0       304    0         1          13           6
SUPA0121408_2   W-S-I+  0.82    1.36       326         240      51.70  0       337    11        2          6            4
SUPA0121408_3   W-S-I+  0.82    1.10       263         240      51.65  0       263    0         0          5            6
SUPA0121408_4   W-S-I+  0.82    1.26       302         240      51.89  0       305    3         0          7            4
SUPA0121408_5   W-S-I+  0.82    1.21       291         240      54.01  0       292    1         0          7            2
SUPA0121408_6   W-S-I+  0.82    1.33       319         240      53.48  0       325    6         0          5            3
SUPA0121408_8   W-S-I+  0.82    1.10       265         240      51.50  0       268    3         0          9            3
SUPA0121408_9   W-S-I+  0.82    1.13       272         240      51.73  0       278    6         0          6            3
SUPA0121409_1   W-S-I+  0.85    1.10       265         240      54.92  0       269    4         0          5            3
SUPA0121409_10  W-S-I+  0.85    1.13       272         240      54.92  0       279    7         0          4            6
SUPA0121409_2   W-S-I+  0.85    1.19       285         240      52.62  0       292    7         0          6            1
SUPA0121409_3   W-S-I+  0.85    1.18       284         240      52.58  0       292    8         0          4            3
SUPA0121409_4   W-S-I+  0.85    1.28       308         240      52.65  0       310    2         0          6            1
SUPA0121409_5   W-S-I+  0.85    1.20       289         240      54.84  0       325    36        0          4            4
SUPA0121409_6   W-S-I+  0.85    1.25       300         240      54.34  0       307    7         0          10           2
SUPA0121409_7   W-S-I+  0.85    1.25       301         240      52.35  0       327    26        1          6            6
SUPA0121409_8   W-S-I+  0.85    1.13       271         240      52.30  0       284    13        0          6            1
SUPA0121409_9   W-S-I+  0.85    1.17       280         240      52.53  0       296    16        0          7            4
SUPA0121410_1   W-S-I+  0.93    1.00       239         240      54.79  0       263    24        1          6            2
SUPA0121410_10  W-S-I+  0.93    1.20       289         240      54.79  0       297    8         0          8            1
SUPA0121410_2   W-S-I+  0.93    1.20       288         240      52.50  0       298    10        0          11           3
SUPA0121410_3   W-S-I+  0.93    1.37       328         240      52.42  0       338    10        0          9            4
SUPA0121410_4   W-S-I+  0.93    1.18       282         240      52.53  0       297    15        0          10           6
SUPA0121410_5   W-S-I+  0.93    1.04       249         240      54.86  0       308    59        0          10           4
SUPA0121410_6   W-S-I+  0.93    1.18       283         240      54.25  0       294    11        0          5            2
SUPA0121410_7   W-S-I+  0.93    1.20       288         240      52.35  0       310    22        0          12           3
SUPA0121410_8   W-S-I+  0.93    1.14       274         240      52.24  0       286    12        0          11           5
SUPA0121411_1   W-S-I+  0.85    1.17       281         240      54.13  0       281    0         1          6            5
SUPA0121411_10  W-S-I+  0.85    1.01       242         240      54.13  0       248    6         0          6            2
SUPA0121411_2   W-S-I+  0.85    1.18       282         240      52.06  0       295    13        0          7            2
SUPA0121411_3   W-S-I+  0.85    1.16       279         240      51.99  0       286    7         0          14           2
SUPA0121411_4   W-S-I+  0.85    1.03       247         240      52.09  0       252    5         0          4            1
SUPA0121411_5   W-S-I+  0.85    1.10       263         240      54.39  0       268    5         1          4            5
SUPA0121411_6   W-S-I+  0.85    1.36       326         240      53.85  0       332    6         0          9            3
SUPA0121411_7   W-S-I+  0.85    1.26       303         240      51.85  0       330    27        0          6            3
SUPA0121411_8   W-S-I+  0.85    1.01       243         240      51.85  0       250    7         0          8            2
SUPA0121411_9   W-S-I+  0.85    1.07       257         240      52.01  0       265    8         0          6            2
SUPA0121412_1   W-S-I+  0.87    1.22       293         240      54.97  0       295    2         0          6            4
SUPA0121412_10  W-S-I+  0.87    1.20       287         240      54.97  0       292    5         0          11           3
SUPA0121412_2   W-S-I+  0.87    1.25       299         240      52.67  0       318    19        1          7            4
SUPA0121412_4   W-S-I+  0.87    1.12       270         240      52.71  0       279    9         0          4            2
SUPA0121412_5   W-S-I+  0.87    1.23       295         240      55.02  0       301    6         0          8            1
SUPA0121412_6   W-S-I+  0.87    1.20       288         240      54.41  0       298    10        0          7            6
SUPA0121412_7   W-S-I+  0.87    1.18       283         240      52.44  0       301    18        0          8            6
SUPA0121412_8   W-S-I+  0.87    1.22       293         240      52.38  0       303    10        1          10           2
SUPA0121412_9   W-S-I+  0.87    1.24       297         240      52.49  0       309    12        0          4            0
SUPA0121413_1   W-S-I+  0.99    1.20       289         240      55.36  0       291    2         0          6            1
SUPA0121413_10  W-S-I+  0.99    1.36       327         240      55.36  0       332    5         0          9            7
SUPA0121413_2   W-S-I+  0.99    1.05       253         240      53.06  0       279    26        0          13           3
SUPA0121413_3   W-S-I+  0.99    1.22       293         240      53.14  0       297    4         0          6            2
SUPA0121413_4   W-S-I+  0.99    1.35       323         240      53.18  0       333    10        0          8            3
SUPA0121413_5   W-S-I+  0.99    1.21       290         240      55.39  0       294    4         0          4            4
SUPA0121413_6   W-S-I+  0.99    1.12       269         240      54.88  0       282    13        2          8            1
SUPA0121413_7   W-S-I+  0.99    1.18       284         240      52.91  0       303    19        0          5            6
SUPA0121413_8   W-S-I+  0.99    1.12       269         240      52.83  0       279    10        0          6            2
SUPA0121413_9   W-S-I+  0.99    1.25       299         240      52.94  0       314    15        0          9            3
SUPA0121414_1   W-S-I+  0.96    1.14       273         240      56.12  0       278    5         0          5            3
SUPA0121414_10  W-S-I+  0.96    1.12       269         240      56.12  0       277    8         0          10           5
SUPA0121414_2   W-S-I+  0.96    0.98       236         240      53.82  0       246    10        1          3            4
SUPA0121414_3   W-S-I+  0.96    1.04       249         240      53.87  0       259    10        0          9            2
SUPA0121414_4   W-S-I+  0.96    1.17       281         240      53.93  0       283    2         0          6            4
SUPA0121414_5   W-S-I+  0.96    0.97       232         240      56.35  0       285    53        0          6            3
SUPA0121414_6   W-S-I+  0.96    1.20       288         240      55.66  0       296    8         1          4            3
SUPA0121414_7   W-S-I+  0.96    1.04       249         240      53.60  0       277    28        0          4            2
SUPA0121414_8   W-S-I+  0.96    1.17       280         240      53.57  0       295    15        0          9            4
SUPA0121414_9   W-S-I+  0.96    1.14       273         240      53.76  0       291    18        0          6            3
SUPA0121415_1   W-S-I+  0.97    1.22       293         240      56.00  0       305    12        0          9            4
SUPA0121415_10  W-S-I+  0.97    1.05       251         240      56.00  0       254    3         0          6            4
SUPA0121415_2   W-S-I+  0.97    1.19       286         240      53.59  0       293    7         0          8            1
SUPA0121415_3   W-S-I+  0.97    1.21       290         240      53.49  0       296    6         0          8            5
SUPA0121415_4   W-S-I+  0.97    1.07       258         240      53.70  0       271    13        0          2            3
SUPA0121415_5   W-S-I+  0.97    1.18       283         240      55.96  0       321    38        0          8            5
SUPA0121415_6   W-S-I+  0.97    1.13       272         240      55.36  0       280    8         0          3            6
SUPA0121415_7   W-S-I+  0.97    1.01       242         240      53.43  0       263    21        0          4            4
SUPA0121415_8   W-S-I+  0.97    1.03       248         240      53.33  0       259    11        1          8            4
SUPA0121415_9   W-S-I+  0.97    1.02       245         240      53.54  0       250    5         0          7            6
