#files                                                                                          rms      seeing              dt                  ft
/gpfs/slac/kipac/fs1/u/awright/SUBARU//Zw2089/W-J-V_2010-12-05/SCIENCE/SUPA0127026_10OCFS.fits  27.4125  0.6776329951286316  127.67897856817144  16.415868673050614
/gpfs/slac/kipac/fs1/u/awright/SUBARU//Zw2089/W-J-V_2010-12-05/SCIENCE/SUPA0127026_1OCFS.fits   27.6855  0.6776329951286316  126.41996713080854  16.253995773961098
/gpfs/slac/kipac/fs1/u/awright/SUBARU//Zw2089/W-J-V_2010-12-05/SCIENCE/SUPA0127026_2OCFS.fits   26.4263  0.6776329951286316  132.44381544143522  17.02849055675596
/gpfs/slac/kipac/fs1/u/awright/SUBARU//Zw2089/W-J-V_2010-12-05/SCIENCE/SUPA0127026_3OCFS.fits   26.5504  0.6776329951286316  131.82475593588043  16.948897191756057
/gpfs/slac/kipac/fs1/u/awright/SUBARU//Zw2089/W-J-V_2010-12-05/SCIENCE/SUPA0127026_4OCFS.fits   26.9691  0.6776329951286316  129.77815351643176  16.6857625949698
/gpfs/slac/kipac/fs1/u/awright/SUBARU//Zw2089/W-J-V_2010-12-05/SCIENCE/SUPA0127026_5OCFS.fits   27.707   0.6776329951286316  126.32186811996968  16.2413830439961
/gpfs/slac/kipac/fs1/u/awright/SUBARU//Zw2089/W-J-V_2010-12-05/SCIENCE/SUPA0127026_6OCFS.fits   27.4655  0.6776329951286316  127.4325972583787   16.38419107607726
/gpfs/slac/kipac/fs1/u/awright/SUBARU//Zw2089/W-J-V_2010-12-05/SCIENCE/SUPA0127026_7OCFS.fits   26.4687  0.6776329951286316  132.23165474692752  17.001212753176393
/gpfs/slac/kipac/fs1/u/awright/SUBARU//Zw2089/W-J-V_2010-12-05/SCIENCE/SUPA0127026_8OCFS.fits   26.1313  0.6776329951286316  133.93899270223832  17.220727633144925
/gpfs/slac/kipac/fs1/u/awright/SUBARU//Zw2089/W-J-V_2010-12-05/SCIENCE/SUPA0127026_9OCFS.fits   26.4163  0.6776329951286316  132.4939525974493   17.034936762529195
/gpfs/slac/kipac/fs1/u/awright/SUBARU//Zw2089/W-J-V_2010-12-05/SCIENCE/SUPA0127027_10OCFS.fits  27.1845  0.5965445423126221  146.07550990469468  16.553550736633007
/gpfs/slac/kipac/fs1/u/awright/SUBARU//Zw2089/W-J-V_2010-12-05/SCIENCE/SUPA0127027_1OCFS.fits   27.4193  0.5965445423126221  144.8246198482154   16.41179752947741
/gpfs/slac/kipac/fs1/u/awright/SUBARU//Zw2089/W-J-V_2010-12-05/SCIENCE/SUPA0127027_2OCFS.fits   26.1656  0.5965445423126221  151.7637546627699   17.198153300516708
/gpfs/slac/kipac/fs1/u/awright/SUBARU//Zw2089/W-J-V_2010-12-05/SCIENCE/SUPA0127027_3OCFS.fits   26.3205  0.5965445423126221  150.87060272427092  17.096939647803044
/gpfs/slac/kipac/fs1/u/awright/SUBARU//Zw2089/W-J-V_2010-12-05/SCIENCE/SUPA0127027_4OCFS.fits   26.6495  0.5965445423126221  149.0080376368852   16.8858702789921
/gpfs/slac/kipac/fs1/u/awright/SUBARU//Zw2089/W-J-V_2010-12-05/SCIENCE/SUPA0127027_5OCFS.fits   27.4895  0.5965445423126221  144.45478088012413  16.36988668400662
/gpfs/slac/kipac/fs1/u/awright/SUBARU//Zw2089/W-J-V_2010-12-05/SCIENCE/SUPA0127027_6OCFS.fits   27.2538  0.5965445423126221  145.70407425768784  16.511458952513046
/gpfs/slac/kipac/fs1/u/awright/SUBARU//Zw2089/W-J-V_2010-12-05/SCIENCE/SUPA0127027_7OCFS.fits   26.1722  0.5965445423126221  151.72548349027488  17.19381633947471
/gpfs/slac/kipac/fs1/u/awright/SUBARU//Zw2089/W-J-V_2010-12-05/SCIENCE/SUPA0127027_8OCFS.fits   25.8543  0.5965445423126221  153.59107378672687  17.405228530650607
/gpfs/slac/kipac/fs1/u/awright/SUBARU//Zw2089/W-J-V_2010-12-05/SCIENCE/SUPA0127027_9OCFS.fits   26.191   0.5965445423126221  151.61657435776308  17.181474552327135
/gpfs/slac/kipac/fs1/u/awright/SUBARU//Zw2089/W-J-V_2010-12-05/SCIENCE/SUPA0127028_10OCFS.fits  27.0512  0.52477587890625    190.70810482002358  19.835306665000072
/gpfs/slac/kipac/fs1/u/awright/SUBARU//Zw2089/W-J-V_2010-12-05/SCIENCE/SUPA0127028_1OCFS.fits   27.1667  0.52477587890625    189.89730387229298  19.75097629289719
/gpfs/slac/kipac/fs1/u/awright/SUBARU//Zw2089/W-J-V_2010-12-05/SCIENCE/SUPA0127028_2OCFS.fits   26.0566  0.52477587890625    197.98757647227274  20.59243522394518
/gpfs/slac/kipac/fs1/u/awright/SUBARU//Zw2089/W-J-V_2010-12-05/SCIENCE/SUPA0127028_3OCFS.fits   26.2377  0.52477587890625    196.62101042040354  20.450300432440724
/gpfs/slac/kipac/fs1/u/awright/SUBARU//Zw2089/W-J-V_2010-12-05/SCIENCE/SUPA0127028_4OCFS.fits   26.5079  0.52477587890625    194.6168155571517   20.24184668179109
/gpfs/slac/kipac/fs1/u/awright/SUBARU//Zw2089/W-J-V_2010-12-05/SCIENCE/SUPA0127028_5OCFS.fits   27.208   0.52477587890625    189.6090519372031   19.72099557689834
/gpfs/slac/kipac/fs1/u/awright/SUBARU//Zw2089/W-J-V_2010-12-05/SCIENCE/SUPA0127028_6OCFS.fits   27.0624  0.52477587890625    190.6291786799183   19.827097657866634
/gpfs/slac/kipac/fs1/u/awright/SUBARU//Zw2089/W-J-V_2010-12-05/SCIENCE/SUPA0127028_7OCFS.fits   25.9964  0.52477587890625    198.4460573428406   20.64012123433437
/gpfs/slac/kipac/fs1/u/awright/SUBARU//Zw2089/W-J-V_2010-12-05/SCIENCE/SUPA0127028_8OCFS.fits   25.6863  0.52477587890625    200.8418139283362   20.889300820135638
/gpfs/slac/kipac/fs1/u/awright/SUBARU//Zw2089/W-J-V_2010-12-05/SCIENCE/SUPA0127028_9OCFS.fits   26.0525  0.52477587890625    198.01873467450042  20.595675948805297
/gpfs/slac/kipac/fs1/u/awright/SUBARU//Zw2089/W-J-V_2010-12-05/SCIENCE/SUPA0127029_10OCFS.fits  26.9872  0.5196039171218871  194.33241851595054  21.22386094692261
/gpfs/slac/kipac/fs1/u/awright/SUBARU//Zw2089/W-J-V_2010-12-05/SCIENCE/SUPA0127029_1OCFS.fits   27.0515  0.5196039171218871  193.87050052579932  21.173412940014043
/gpfs/slac/kipac/fs1/u/awright/SUBARU//Zw2089/W-J-V_2010-12-05/SCIENCE/SUPA0127029_2OCFS.fits   25.8494  0.5196039171218871  202.8862505502511   22.158060927789037
/gpfs/slac/kipac/fs1/u/awright/SUBARU//Zw2089/W-J-V_2010-12-05/SCIENCE/SUPA0127029_3OCFS.fits   26.1001  0.5196039171218871  200.9374617328539   21.94522550284443
/gpfs/slac/kipac/fs1/u/awright/SUBARU//Zw2089/W-J-V_2010-12-05/SCIENCE/SUPA0127029_4OCFS.fits   26.3065  0.5196039171218871  199.36091251111554  21.773043930085336
/gpfs/slac/kipac/fs1/u/awright/SUBARU//Zw2089/W-J-V_2010-12-05/SCIENCE/SUPA0127029_5OCFS.fits   27.0589  0.5196039171218871  193.81748130831855  21.167622488230855
/gpfs/slac/kipac/fs1/u/awright/SUBARU//Zw2089/W-J-V_2010-12-05/SCIENCE/SUPA0127029_6OCFS.fits   26.8579  0.5196039171218871  195.26797869430078  21.326037409730095
/gpfs/slac/kipac/fs1/u/awright/SUBARU//Zw2089/W-J-V_2010-12-05/SCIENCE/SUPA0127029_7OCFS.fits   25.9257  0.5196039171218871  202.28915111158662  22.092849186204806
/gpfs/slac/kipac/fs1/u/awright/SUBARU//Zw2089/W-J-V_2010-12-05/SCIENCE/SUPA0127029_8OCFS.fits   25.585   0.5196039171218871  204.98291362023298  22.38704632193824
/gpfs/slac/kipac/fs1/u/awright/SUBARU//Zw2089/W-J-V_2010-12-05/SCIENCE/SUPA0127029_9OCFS.fits   25.9291  0.5196039171218871  202.26262558182356  22.08995222151135
/gpfs/slac/kipac/fs1/u/awright/SUBARU//Zw2089/W-J-V_2010-12-05/SCIENCE/SUPA0127030_10OCFS.fits  26.9312  0.5202926852703096  194.3131966348108   21.08896755836475
/gpfs/slac/kipac/fs1/u/awright/SUBARU//Zw2089/W-J-V_2010-12-05/SCIENCE/SUPA0127030_1OCFS.fits   27.08    0.5202926852703096  193.2454786267141   20.973087263952465
/gpfs/slac/kipac/fs1/u/awright/SUBARU//Zw2089/W-J-V_2010-12-05/SCIENCE/SUPA0127030_2OCFS.fits   25.8714  0.5202926852703096  202.2730722423764   21.952859261881176
/gpfs/slac/kipac/fs1/u/awright/SUBARU//Zw2089/W-J-V_2010-12-05/SCIENCE/SUPA0127030_3OCFS.fits   26.0675  0.5202926852703096  200.75141694490907  21.78771278825483
/gpfs/slac/kipac/fs1/u/awright/SUBARU//Zw2089/W-J-V_2010-12-05/SCIENCE/SUPA0127030_4OCFS.fits   26.3477  0.5202926852703096  198.61648497635153  21.556006904125702
/gpfs/slac/kipac/fs1/u/awright/SUBARU//Zw2089/W-J-V_2010-12-05/SCIENCE/SUPA0127030_5OCFS.fits   27.1105  0.5202926852703096  193.0280725627125   20.949492008920263
/gpfs/slac/kipac/fs1/u/awright/SUBARU//Zw2089/W-J-V_2010-12-05/SCIENCE/SUPA0127030_6OCFS.fits   26.8705  0.5202926852703096  194.75214682314868  21.136607175446407
/gpfs/slac/kipac/fs1/u/awright/SUBARU//Zw2089/W-J-V_2010-12-05/SCIENCE/SUPA0127030_7OCFS.fits   25.9125  0.5202926852703096  201.95224548813957  21.918039676134402
/gpfs/slac/kipac/fs1/u/awright/SUBARU//Zw2089/W-J-V_2010-12-05/SCIENCE/SUPA0127030_8OCFS.fits   25.5102  0.5202926852703096  205.13706522141797  22.263690724017557
/gpfs/slac/kipac/fs1/u/awright/SUBARU//Zw2089/W-J-V_2010-12-05/SCIENCE/SUPA0127030_9OCFS.fits   25.832   0.5202926852703096  202.58158722558906  21.986342641213717
/gpfs/slac/kipac/fs1/u/awright/SUBARU//Zw2089/W-J-V_2010-12-05/SCIENCE/SUPA0127031_10OCFS.fits  26.6708  0.504096748828888   206.26144856580584  25.545643857618963
/gpfs/slac/kipac/fs1/u/awright/SUBARU//Zw2089/W-J-V_2010-12-05/SCIENCE/SUPA0127031_1OCFS.fits   26.9135  0.504096748828888   204.40142836899304  25.315278882262948
/gpfs/slac/kipac/fs1/u/awright/SUBARU//Zw2089/W-J-V_2010-12-05/SCIENCE/SUPA0127031_2OCFS.fits   25.7282  0.504096748828888   213.81821668087522  26.48155557706267
/gpfs/slac/kipac/fs1/u/awright/SUBARU//Zw2089/W-J-V_2010-12-05/SCIENCE/SUPA0127031_3OCFS.fits   25.8666  0.504096748828888   212.67417605749864  26.339865239257726
/gpfs/slac/kipac/fs1/u/awright/SUBARU//Zw2089/W-J-V_2010-12-05/SCIENCE/SUPA0127031_4OCFS.fits   26.2092  0.504096748828888   209.8941532900239   25.995557216465357
/gpfs/slac/kipac/fs1/u/awright/SUBARU//Zw2089/W-J-V_2010-12-05/SCIENCE/SUPA0127031_5OCFS.fits   26.8874  0.504096748828888   204.59984388259534  25.339852800857795
/gpfs/slac/kipac/fs1/u/awright/SUBARU//Zw2089/W-J-V_2010-12-05/SCIENCE/SUPA0127031_6OCFS.fits   26.717   0.504096748828888   205.90477382972992  25.50146940890758
/gpfs/slac/kipac/fs1/u/awright/SUBARU//Zw2089/W-J-V_2010-12-05/SCIENCE/SUPA0127031_7OCFS.fits   25.7383  0.504096748828888   213.73431199453321  26.471163915168596
/gpfs/slac/kipac/fs1/u/awright/SUBARU//Zw2089/W-J-V_2010-12-05/SCIENCE/SUPA0127031_8OCFS.fits   25.3904  0.504096748828888   216.66290576000748  26.83387257379891
/gpfs/slac/kipac/fs1/u/awright/SUBARU//Zw2089/W-J-V_2010-12-05/SCIENCE/SUPA0127031_9OCFS.fits   25.6778  0.504096748828888   214.23789586369912  26.53353317643193
/gpfs/slac/kipac/fs1/u/awright/SUBARU//Zw2089/W-J-V_2010-12-05/SCIENCE/SUPA0127032_10OCFS.fits  26.7063  0.5234115626811982  194.01657429032147  20.449072362386882
/gpfs/slac/kipac/fs1/u/awright/SUBARU//Zw2089/W-J-V_2010-12-05/SCIENCE/SUPA0127032_1OCFS.fits   26.9946  0.5234115626811982  191.9444940087874   20.230678033073758
/gpfs/slac/kipac/fs1/u/awright/SUBARU//Zw2089/W-J-V_2010-12-05/SCIENCE/SUPA0127032_2OCFS.fits   25.7669  0.5234115626811982  201.0899579681534   21.19459699193977
/gpfs/slac/kipac/fs1/u/awright/SUBARU//Zw2089/W-J-V_2010-12-05/SCIENCE/SUPA0127032_3OCFS.fits   25.8541  0.5234115626811982  200.4117272683873   21.123112436000977
/gpfs/slac/kipac/fs1/u/awright/SUBARU//Zw2089/W-J-V_2010-12-05/SCIENCE/SUPA0127032_4OCFS.fits   26.2646  0.5234115626811982  197.27941175459026  20.792970813627957
/gpfs/slac/kipac/fs1/u/awright/SUBARU//Zw2089/W-J-V_2010-12-05/SCIENCE/SUPA0127032_5OCFS.fits   27.0169  0.5234115626811982  191.78606124202304  20.213979443667217
/gpfs/slac/kipac/fs1/u/awright/SUBARU//Zw2089/W-J-V_2010-12-05/SCIENCE/SUPA0127032_6OCFS.fits   26.7878  0.5234115626811982  193.4262924902236   20.386857496009856
/gpfs/slac/kipac/fs1/u/awright/SUBARU//Zw2089/W-J-V_2010-12-05/SCIENCE/SUPA0127032_7OCFS.fits   25.8166  0.5234115626811982  200.70283608103358  21.15379489288337
/gpfs/slac/kipac/fs1/u/awright/SUBARU//Zw2089/W-J-V_2010-12-05/SCIENCE/SUPA0127032_8OCFS.fits   25.4506  0.5234115626811982  203.58910351699416  21.458003396054032
/gpfs/slac/kipac/fs1/u/awright/SUBARU//Zw2089/W-J-V_2010-12-05/SCIENCE/SUPA0127032_9OCFS.fits   25.7547  0.5234115626811982  201.18521427038993  21.204636871390964
