#files                                                                                            rms      seeing              dt                  ft
/gpfs/slac/kipac/fs1/u/awright/SUBARU//Zw2089/W-S-Z+_2015-12-15/SCIENCE/SUPA0154655_10OCFSF.fits  29.1555  0.7305728569030763  120.04596045343074  15.43448062972681
/gpfs/slac/kipac/fs1/u/awright/SUBARU//Zw2089/W-S-Z+_2015-12-15/SCIENCE/SUPA0154655_1OCFSF.fits   29.3577  0.7305728569030763  119.21914863902826  15.328176253589348
/gpfs/slac/kipac/fs1/u/awright/SUBARU//Zw2089/W-S-Z+_2015-12-15/SCIENCE/SUPA0154655_2OCFSF.fits   27.8026  0.7305728569030763  125.88750692381288  16.185536604490228
/gpfs/slac/kipac/fs1/u/awright/SUBARU//Zw2089/W-S-Z+_2015-12-15/SCIENCE/SUPA0154655_3OCFSF.fits   27.8114  0.7305728569030763  125.84767397542015  16.180415225411164
/gpfs/slac/kipac/fs1/u/awright/SUBARU//Zw2089/W-S-Z+_2015-12-15/SCIENCE/SUPA0154655_4OCFSF.fits   27.9302  0.7305728569030763  125.31238587622     16.111592469799714
/gpfs/slac/kipac/fs1/u/awright/SUBARU//Zw2089/W-S-Z+_2015-12-15/SCIENCE/SUPA0154655_5OCFSF.fits   29.1555  0.7305728569030763  120.04596045343074  15.43448062972681
/gpfs/slac/kipac/fs1/u/awright/SUBARU//Zw2089/W-S-Z+_2015-12-15/SCIENCE/SUPA0154655_6OCFSF.fits   29.3283  0.7305728569030763  119.33865924721174  15.34354190321294
/gpfs/slac/kipac/fs1/u/awright/SUBARU//Zw2089/W-S-Z+_2015-12-15/SCIENCE/SUPA0154655_7OCFSF.fits   27.9981  0.7305728569030763  125.00848271847018  16.072519206660452
/gpfs/slac/kipac/fs1/u/awright/SUBARU//Zw2089/W-S-Z+_2015-12-15/SCIENCE/SUPA0154655_8OCFSF.fits   27.6692  0.7305728569030763  126.494441472829    16.263571046506584
/gpfs/slac/kipac/fs1/u/awright/SUBARU//Zw2089/W-S-Z+_2015-12-15/SCIENCE/SUPA0154655_9OCFSF.fits   27.8068  0.7305728569030763  125.86849259893263  16.183091905577054
/gpfs/slac/kipac/fs1/u/awright/SUBARU//Zw2089/W-S-Z+_2015-12-15/SCIENCE/SUPA0154656_10OCFSF.fits  72.2017  0.7395322127342225  48.47531290814482   6.232540231047191
/gpfs/slac/kipac/fs1/u/awright/SUBARU//Zw2089/W-S-Z+_2015-12-15/SCIENCE/SUPA0154656_1OCFSF.fits   71.9026  0.7395322127342225  48.676960221188104  6.258466314152756
/gpfs/slac/kipac/fs1/u/awright/SUBARU//Zw2089/W-S-Z+_2015-12-15/SCIENCE/SUPA0154656_2OCFSF.fits   68.8477  0.7395322127342225  50.83684712779076   6.536166059287384
/gpfs/slac/kipac/fs1/u/awright/SUBARU//Zw2089/W-S-Z+_2015-12-15/SCIENCE/SUPA0154656_3OCFSF.fits   69.5675  0.7395322127342225  50.31084917526144   6.468537751105043
/gpfs/slac/kipac/fs1/u/awright/SUBARU//Zw2089/W-S-Z+_2015-12-15/SCIENCE/SUPA0154656_4OCFSF.fits   70.6107  0.7395322127342225  49.567558457854126  6.372971801724102
/gpfs/slac/kipac/fs1/u/awright/SUBARU//Zw2089/W-S-Z+_2015-12-15/SCIENCE/SUPA0154656_5OCFSF.fits   72.6313  0.7395322127342225  48.188590869225806  6.195675968900461
/gpfs/slac/kipac/fs1/u/awright/SUBARU//Zw2089/W-S-Z+_2015-12-15/SCIENCE/SUPA0154656_6OCFSF.fits   72.1871  0.7395322127342225  48.48511714696947   6.233800776038932
/gpfs/slac/kipac/fs1/u/awright/SUBARU//Zw2089/W-S-Z+_2015-12-15/SCIENCE/SUPA0154656_7OCFSF.fits   69.5698  0.7395322127342225  50.30918588238      6.468323899163143
/gpfs/slac/kipac/fs1/u/awright/SUBARU//Zw2089/W-S-Z+_2015-12-15/SCIENCE/SUPA0154656_8OCFSF.fits   67.6804  0.7395322127342225  51.71364235435961   6.648896874131949
/gpfs/slac/kipac/fs1/u/awright/SUBARU//Zw2089/W-S-Z+_2015-12-15/SCIENCE/SUPA0154656_9OCFSF.fits   68.867   0.7395322127342225  50.822600084220305  6.53433429654261
/gpfs/slac/kipac/fs1/u/awright/SUBARU//Zw2089/W-S-Z+_2015-12-15/SCIENCE/SUPA0154658_10OCFSF.fits  71.0773  0.7118752446174622  49.24216310974109   6.331135256966712
/gpfs/slac/kipac/fs1/u/awright/SUBARU//Zw2089/W-S-Z+_2015-12-15/SCIENCE/SUPA0154658_1OCFSF.fits   70.8197  0.7118752446174622  49.42127684810865   6.354164166185398
/gpfs/slac/kipac/fs1/u/awright/SUBARU//Zw2089/W-S-Z+_2015-12-15/SCIENCE/SUPA0154658_2OCFSF.fits   67.7442  0.7118752446174622  51.66493958154351   6.642635089055593
/gpfs/slac/kipac/fs1/u/awright/SUBARU//Zw2089/W-S-Z+_2015-12-15/SCIENCE/SUPA0154658_3OCFSF.fits   68.3294  0.7118752446174622  51.222460609927786  6.585744935562144
/gpfs/slac/kipac/fs1/u/awright/SUBARU//Zw2089/W-S-Z+_2015-12-15/SCIENCE/SUPA0154658_4OCFSF.fits   69.255   0.7118752446174622  50.53786730199986   6.4977257959714105
/gpfs/slac/kipac/fs1/u/awright/SUBARU//Zw2089/W-S-Z+_2015-12-15/SCIENCE/SUPA0154658_5OCFSF.fits   71.772   0.7118752446174622  48.76553530624756   6.269854539374686
/gpfs/slac/kipac/fs1/u/awright/SUBARU//Zw2089/W-S-Z+_2015-12-15/SCIENCE/SUPA0154658_6OCFSF.fits   71.1122  0.7118752446174622  49.2179963494309    6.328028102069687
/gpfs/slac/kipac/fs1/u/awright/SUBARU//Zw2089/W-S-Z+_2015-12-15/SCIENCE/SUPA0154658_7OCFSF.fits   68.3485  0.7118752446174622  51.20814648456074   6.583904548014953
/gpfs/slac/kipac/fs1/u/awright/SUBARU//Zw2089/W-S-Z+_2015-12-15/SCIENCE/SUPA0154658_8OCFSF.fits   66.6048  0.7118752446174622  52.54876525415586   6.756269818391467
/gpfs/slac/kipac/fs1/u/awright/SUBARU//Zw2089/W-S-Z+_2015-12-15/SCIENCE/SUPA0154658_9OCFSF.fits   67.8162  0.7118752446174622  51.6100872652847    6.635582648393747
/gpfs/slac/kipac/fs1/u/awright/SUBARU//Zw2089/W-S-Z+_2015-12-15/SCIENCE/SUPA0154659_10OCFSF.fits  71.3876  0.676055231332779   49.028122531083824  6.303615753996492
/gpfs/slac/kipac/fs1/u/awright/SUBARU//Zw2089/W-S-Z+_2015-12-15/SCIENCE/SUPA0154659_1OCFSF.fits   70.946   0.676055231332779   49.33329574606039   6.342852310207764
/gpfs/slac/kipac/fs1/u/awright/SUBARU//Zw2089/W-S-Z+_2015-12-15/SCIENCE/SUPA0154659_2OCFSF.fits   67.8916  0.676055231332779   51.55276941477296   6.628213210470809
/gpfs/slac/kipac/fs1/u/awright/SUBARU//Zw2089/W-S-Z+_2015-12-15/SCIENCE/SUPA0154659_3OCFSF.fits   68.3888  0.676055231332779   51.17797066186276   6.580024799382355
/gpfs/slac/kipac/fs1/u/awright/SUBARU//Zw2089/W-S-Z+_2015-12-15/SCIENCE/SUPA0154659_4OCFSF.fits   69.284   0.676055231332779   50.51671381559956   6.4950060620056576
/gpfs/slac/kipac/fs1/u/awright/SUBARU//Zw2089/W-S-Z+_2015-12-15/SCIENCE/SUPA0154659_5OCFSF.fits   71.6775  0.676055231332779   48.82982804924837   6.2781207491890765
/gpfs/slac/kipac/fs1/u/awright/SUBARU//Zw2089/W-S-Z+_2015-12-15/SCIENCE/SUPA0154659_6OCFSF.fits   71.0939  0.676055231332779   49.23066535947528   6.329656974789679
/gpfs/slac/kipac/fs1/u/awright/SUBARU//Zw2089/W-S-Z+_2015-12-15/SCIENCE/SUPA0154659_7OCFSF.fits   68.4412  0.676055231332779   51.1387877477309    6.57498699613683
/gpfs/slac/kipac/fs1/u/awright/SUBARU//Zw2089/W-S-Z+_2015-12-15/SCIENCE/SUPA0154659_8OCFSF.fits   66.6462  0.676055231332779   52.51612244959203   6.752072886376118
/gpfs/slac/kipac/fs1/u/awright/SUBARU//Zw2089/W-S-Z+_2015-12-15/SCIENCE/SUPA0154659_9OCFSF.fits   67.7583  0.676055231332779   51.6541884905613    6.64125280592931
/gpfs/slac/kipac/fs1/u/awright/SUBARU//Zw2089/W-S-Z+_2015-12-15/SCIENCE/SUPA0154660_10OCFSF.fits  71.1611  0.6217583496570588  49.93821517628676   6.323679650820462
/gpfs/slac/kipac/fs1/u/awright/SUBARU//Zw2089/W-S-Z+_2015-12-15/SCIENCE/SUPA0154660_1OCFSF.fits   70.6723  0.6217583496570588  50.283609334651054  6.367416937046055
/gpfs/slac/kipac/fs1/u/awright/SUBARU//Zw2089/W-S-Z+_2015-12-15/SCIENCE/SUPA0154660_2OCFSF.fits   67.3425  0.6217583496570588  52.76991979776901   6.682258603407952
/gpfs/slac/kipac/fs1/u/awright/SUBARU//Zw2089/W-S-Z+_2015-12-15/SCIENCE/SUPA0154660_3OCFSF.fits   68.2907  0.6217583496570588  52.03722211049615   6.589477044458469
/gpfs/slac/kipac/fs1/u/awright/SUBARU//Zw2089/W-S-Z+_2015-12-15/SCIENCE/SUPA0154660_4OCFSF.fits   69.0803  0.6217583496570588  51.442427493529415  6.514158160864965
/gpfs/slac/kipac/fs1/u/awright/SUBARU//Zw2089/W-S-Z+_2015-12-15/SCIENCE/SUPA0154660_5OCFSF.fits   71.6056  0.6217583496570588  49.62821796034472   6.284424681868457
/gpfs/slac/kipac/fs1/u/awright/SUBARU//Zw2089/W-S-Z+_2015-12-15/SCIENCE/SUPA0154660_6OCFSF.fits   70.941   0.6217583496570588  50.09315239397893   6.343299361441197
/gpfs/slac/kipac/fs1/u/awright/SUBARU//Zw2089/W-S-Z+_2015-12-15/SCIENCE/SUPA0154660_7OCFSF.fits   68.1554  0.6217583496570588  52.14052480040114   6.602558271244832
/gpfs/slac/kipac/fs1/u/awright/SUBARU//Zw2089/W-S-Z+_2015-12-15/SCIENCE/SUPA0154660_8OCFSF.fits   66.3136  0.6217583496570588  53.588680511708915  6.785938329392463
/gpfs/slac/kipac/fs1/u/awright/SUBARU//Zw2089/W-S-Z+_2015-12-15/SCIENCE/SUPA0154660_9OCFSF.fits   67.4977  0.6217583496570588  52.64858393665651   6.666893834901042
/gpfs/slac/kipac/fs1/u/awright/SUBARU//Zw2089/W-S-Z+_2015-12-15/SCIENCE/SUPA0154661_10OCFSF.fits  71.1249  0.6110540406703949  52.45466545521785   6.326898174900774
/gpfs/slac/kipac/fs1/u/awright/SUBARU//Zw2089/W-S-Z+_2015-12-15/SCIENCE/SUPA0154661_1OCFSF.fits   71.1965  0.6110540406703949  52.40191350748736   6.32053541957821
/gpfs/slac/kipac/fs1/u/awright/SUBARU//Zw2089/W-S-Z+_2015-12-15/SCIENCE/SUPA0154661_2OCFSF.fits   68.1529  0.6110540406703949  54.7420995296726    6.602800467771731
/gpfs/slac/kipac/fs1/u/awright/SUBARU//Zw2089/W-S-Z+_2015-12-15/SCIENCE/SUPA0154661_3OCFSF.fits   68.7141  0.6110540406703949  54.295011286414635  6.54887424851668
/gpfs/slac/kipac/fs1/u/awright/SUBARU//Zw2089/W-S-Z+_2015-12-15/SCIENCE/SUPA0154661_4OCFSF.fits   69.8672  0.6110540406703949  53.398917303624934  6.440790528316578
/gpfs/slac/kipac/fs1/u/awright/SUBARU//Zw2089/W-S-Z+_2015-12-15/SCIENCE/SUPA0154661_5OCFSF.fits   71.7583  0.6110540406703949  51.991655808956224  6.271051571734558
/gpfs/slac/kipac/fs1/u/awright/SUBARU//Zw2089/W-S-Z+_2015-12-15/SCIENCE/SUPA0154661_6OCFSF.fits   71.63    0.6110540406703949  52.08478060918364   6.282283959234958
/gpfs/slac/kipac/fs1/u/awright/SUBARU//Zw2089/W-S-Z+_2015-12-15/SCIENCE/SUPA0154661_7OCFSF.fits   68.703   0.6110540406703949  54.30378345975902   6.5499323173660535
/gpfs/slac/kipac/fs1/u/awright/SUBARU//Zw2089/W-S-Z+_2015-12-15/SCIENCE/SUPA0154661_8OCFSF.fits   67.1245  0.6110540406703949  55.58079144032096   6.70396055091658
/gpfs/slac/kipac/fs1/u/awright/SUBARU//Zw2089/W-S-Z+_2015-12-15/SCIENCE/SUPA0154661_9OCFSF.fits   68.0802  0.6110540406703949  54.80055632967917   6.609851322410921
/gpfs/slac/kipac/fs1/u/awright/SUBARU//Zw2089/W-S-Z+_2015-12-15/SCIENCE/SUPA0154662_10OCFSF.fits  71.9039  0.5710435776710511  61.09646368920273   6.258353163041226
/gpfs/slac/kipac/fs1/u/awright/SUBARU//Zw2089/W-S-Z+_2015-12-15/SCIENCE/SUPA0154662_1OCFSF.fits   71.744   0.5710435776710511  61.23263290954036   6.272301516503123
/gpfs/slac/kipac/fs1/u/awright/SUBARU//Zw2089/W-S-Z+_2015-12-15/SCIENCE/SUPA0154662_2OCFSF.fits   68.7216  0.5710435776710511  63.925665518004     6.548159530627926
/gpfs/slac/kipac/fs1/u/awright/SUBARU//Zw2089/W-S-Z+_2015-12-15/SCIENCE/SUPA0154662_3OCFSF.fits   69.1809  0.5710435776710511  63.50125562781149   6.504685541818624
/gpfs/slac/kipac/fs1/u/awright/SUBARU//Zw2089/W-S-Z+_2015-12-15/SCIENCE/SUPA0154662_4OCFSF.fits   70.1113  0.5710435776710511  62.658573089674036  6.418366226271656
/gpfs/slac/kipac/fs1/u/awright/SUBARU//Zw2089/W-S-Z+_2015-12-15/SCIENCE/SUPA0154662_5OCFSF.fits   72.3037  0.5710435776710511  60.75863358945757   6.223747885654538
/gpfs/slac/kipac/fs1/u/awright/SUBARU//Zw2089/W-S-Z+_2015-12-15/SCIENCE/SUPA0154662_6OCFSF.fits   72.241   0.5710435776710511  60.811367720021366  6.229149651859747
/gpfs/slac/kipac/fs1/u/awright/SUBARU//Zw2089/W-S-Z+_2015-12-15/SCIENCE/SUPA0154662_7OCFSF.fits   69.2283  0.5710435776710511  63.45777688404978   6.50023184160235
/gpfs/slac/kipac/fs1/u/awright/SUBARU//Zw2089/W-S-Z+_2015-12-15/SCIENCE/SUPA0154662_8OCFSF.fits   67.4858  0.5710435776710511  65.09627233376597   6.668069430902501
/gpfs/slac/kipac/fs1/u/awright/SUBARU//Zw2089/W-S-Z+_2015-12-15/SCIENCE/SUPA0154662_9OCFSF.fits   68.5273  0.5710435776710511  64.10691819847074   6.566725961769981
/gpfs/slac/kipac/fs1/u/awright/SUBARU//Zw2089/W-S-Z+_2015-12-15/SCIENCE/SUPA0154663_10OCFSF.fits  70.263   0.5426236741542816  69.21810529724857   6.40450877417702
/gpfs/slac/kipac/fs1/u/awright/SUBARU//Zw2089/W-S-Z+_2015-12-15/SCIENCE/SUPA0154663_1OCFSF.fits   70.064   0.5426236741542816  69.41470273607811   6.4226992464032895
/gpfs/slac/kipac/fs1/u/awright/SUBARU//Zw2089/W-S-Z+_2015-12-15/SCIENCE/SUPA0154663_2OCFSF.fits   67.5178  0.5426236741542816  72.03243785343386   6.664909105450711
/gpfs/slac/kipac/fs1/u/awright/SUBARU//Zw2089/W-S-Z+_2015-12-15/SCIENCE/SUPA0154663_3OCFSF.fits   67.3522  0.5426236741542816  72.20954523386878   6.681296230858087
/gpfs/slac/kipac/fs1/u/awright/SUBARU//Zw2089/W-S-Z+_2015-12-15/SCIENCE/SUPA0154663_4OCFSF.fits   68.0753  0.5426236741542816  71.44253102814938   6.610327093674211
/gpfs/slac/kipac/fs1/u/awright/SUBARU//Zw2089/W-S-Z+_2015-12-15/SCIENCE/SUPA0154663_5OCFSF.fits   70.7746  0.5426236741542816  68.71775654684839   6.358213257298522
/gpfs/slac/kipac/fs1/u/awright/SUBARU//Zw2089/W-S-Z+_2015-12-15/SCIENCE/SUPA0154663_6OCFSF.fits   70.1594  0.5426236741542816  69.32031534620559   6.413965911909166
/gpfs/slac/kipac/fs1/u/awright/SUBARU//Zw2089/W-S-Z+_2015-12-15/SCIENCE/SUPA0154663_7OCFSF.fits   67.501   0.5426236741542816  72.050365661258     6.666567902697738
/gpfs/slac/kipac/fs1/u/awright/SUBARU//Zw2089/W-S-Z+_2015-12-15/SCIENCE/SUPA0154663_8OCFSF.fits   66.3911  0.5426236741542816  73.25487501337645   6.778016932992525
/gpfs/slac/kipac/fs1/u/awright/SUBARU//Zw2089/W-S-Z+_2015-12-15/SCIENCE/SUPA0154663_9OCFSF.fits   67.3088  0.5426236741542816  72.25610518239185   6.685604259769896
/gpfs/slac/kipac/fs1/u/awright/SUBARU//Zw2089/W-S-Z+_2015-12-15/SCIENCE/SUPA0154664_10OCFSF.fits  71.1114  0.5598357501029969  64.38605645536757   6.328099292096626
/gpfs/slac/kipac/fs1/u/awright/SUBARU//Zw2089/W-S-Z+_2015-12-15/SCIENCE/SUPA0154664_1OCFSF.fits   70.6147  0.5598357501029969  64.83894451183997   6.372610802000151
/gpfs/slac/kipac/fs1/u/awright/SUBARU//Zw2089/W-S-Z+_2015-12-15/SCIENCE/SUPA0154664_2OCFSF.fits   68.5348  0.5598357501029969  66.8066823718786    6.566007342255321
/gpfs/slac/kipac/fs1/u/awright/SUBARU//Zw2089/W-S-Z+_2015-12-15/SCIENCE/SUPA0154664_3OCFSF.fits   68.1018  0.5598357501029969  67.23144784749046   6.607754861104993
/gpfs/slac/kipac/fs1/u/awright/SUBARU//Zw2089/W-S-Z+_2015-12-15/SCIENCE/SUPA0154664_4OCFSF.fits   69.1393  0.5598357501029969  66.22257695724754   6.508599306038678
/gpfs/slac/kipac/fs1/u/awright/SUBARU//Zw2089/W-S-Z+_2015-12-15/SCIENCE/SUPA0154664_5OCFSF.fits   71.3387  0.5598357501029969  64.18090903002474   6.307936645887856
/gpfs/slac/kipac/fs1/u/awright/SUBARU//Zw2089/W-S-Z+_2015-12-15/SCIENCE/SUPA0154664_6OCFSF.fits   71.1102  0.5598357501029969  64.3871429839914    6.328206080140402
/gpfs/slac/kipac/fs1/u/awright/SUBARU//Zw2089/W-S-Z+_2015-12-15/SCIENCE/SUPA0154664_7OCFSF.fits   68.5032  0.5598357501029969  66.83749978132737   6.5690361910100545
/gpfs/slac/kipac/fs1/u/awright/SUBARU//Zw2089/W-S-Z+_2015-12-15/SCIENCE/SUPA0154664_8OCFSF.fits   67.0248  0.5598357501029969  68.31176840542942   6.713932753249543
/gpfs/slac/kipac/fs1/u/awright/SUBARU//Zw2089/W-S-Z+_2015-12-15/SCIENCE/SUPA0154664_9OCFSF.fits   68.2234  0.5598357501029969  67.11161588282357   6.595977333290337
/gpfs/slac/kipac/fs1/u/awright/SUBARU//Zw2089/W-S-Z+_2015-12-15/SCIENCE/SUPA0154665_10OCFSF.fits  71.7194  0.560774495601654   63.623577179258376  6.274452937420001
/gpfs/slac/kipac/fs1/u/awright/SUBARU//Zw2089/W-S-Z+_2015-12-15/SCIENCE/SUPA0154665_1OCFSF.fits   71.092   0.560774495601654   64.18506697167196   6.329826140775333
/gpfs/slac/kipac/fs1/u/awright/SUBARU//Zw2089/W-S-Z+_2015-12-15/SCIENCE/SUPA0154665_2OCFSF.fits   68.9805  0.560774495601654   66.14977828734355   6.523582751647204
/gpfs/slac/kipac/fs1/u/awright/SUBARU//Zw2089/W-S-Z+_2015-12-15/SCIENCE/SUPA0154665_3OCFSF.fits   68.809   0.560774495601654   66.31465042581789   6.539842171808921
/gpfs/slac/kipac/fs1/u/awright/SUBARU//Zw2089/W-S-Z+_2015-12-15/SCIENCE/SUPA0154665_4OCFSF.fits   69.7282  0.560774495601654   65.44044993489152   6.453629951726848
/gpfs/slac/kipac/fs1/u/awright/SUBARU//Zw2089/W-S-Z+_2015-12-15/SCIENCE/SUPA0154665_5OCFSF.fits   71.7446  0.560774495601654   63.60122965561314   6.27224906125339
/gpfs/slac/kipac/fs1/u/awright/SUBARU//Zw2089/W-S-Z+_2015-12-15/SCIENCE/SUPA0154665_6OCFSF.fits   71.8004  0.560774495601654   63.551801677290136  6.267374555016407
/gpfs/slac/kipac/fs1/u/awright/SUBARU//Zw2089/W-S-Z+_2015-12-15/SCIENCE/SUPA0154665_7OCFSF.fits   68.8063  0.560774495601654   66.31725265201156   6.540098799092526
/gpfs/slac/kipac/fs1/u/awright/SUBARU//Zw2089/W-S-Z+_2015-12-15/SCIENCE/SUPA0154665_8OCFSF.fits   67.3632  0.560774495601654   67.73794566098556   6.680205215904232
/gpfs/slac/kipac/fs1/u/awright/SUBARU//Zw2089/W-S-Z+_2015-12-15/SCIENCE/SUPA0154665_9OCFSF.fits   68.6026  0.560774495601654   66.514166826769     6.559518152373234
/gpfs/slac/kipac/fs1/u/awright/SUBARU//Zw2089/W-S-Z+_2015-12-15/SCIENCE/SUPA0154666_10OCFSF.fits  71.9365  0.5710632271766662  61.06425504076474   6.255517018481578
/gpfs/slac/kipac/fs1/u/awright/SUBARU//Zw2089/W-S-Z+_2015-12-15/SCIENCE/SUPA0154666_1OCFSF.fits   71.9387  0.5710632271766662  61.062387598607884  6.25532571480997
/gpfs/slac/kipac/fs1/u/awright/SUBARU//Zw2089/W-S-Z+_2015-12-15/SCIENCE/SUPA0154666_2OCFSF.fits   69.1593  0.5710632271766662  63.516385832996754  6.5067171009538844
/gpfs/slac/kipac/fs1/u/awright/SUBARU//Zw2089/W-S-Z+_2015-12-15/SCIENCE/SUPA0154666_3OCFSF.fits   69.1716  0.5710632271766662  63.50509143550204   6.505560085352949
/gpfs/slac/kipac/fs1/u/awright/SUBARU//Zw2089/W-S-Z+_2015-12-15/SCIENCE/SUPA0154666_4OCFSF.fits   69.787   0.5710632271766662  62.94508694656558   6.448192356742659
/gpfs/slac/kipac/fs1/u/awright/SUBARU//Zw2089/W-S-Z+_2015-12-15/SCIENCE/SUPA0154666_5OCFSF.fits   72.2687  0.5710632271766662  60.78355889534436   6.22676206988641
/gpfs/slac/kipac/fs1/u/awright/SUBARU//Zw2089/W-S-Z+_2015-12-15/SCIENCE/SUPA0154666_6OCFSF.fits   71.3963  0.5710632271766662  61.526280531903936  6.302847626557679
/gpfs/slac/kipac/fs1/u/awright/SUBARU//Zw2089/W-S-Z+_2015-12-15/SCIENCE/SUPA0154666_7OCFSF.fits   68.917   0.5710632271766662  63.739698227432605  6.529593569075844
/gpfs/slac/kipac/fs1/u/awright/SUBARU//Zw2089/W-S-Z+_2015-12-15/SCIENCE/SUPA0154666_8OCFSF.fits   67.788   0.5710632271766662  64.80127430725162   6.638343069569836
/gpfs/slac/kipac/fs1/u/awright/SUBARU//Zw2089/W-S-Z+_2015-12-15/SCIENCE/SUPA0154666_9OCFSF.fits   68.5771  0.5710632271766662  64.05562181457036   6.561957271450674
/gpfs/slac/kipac/fs1/u/awright/SUBARU//Zw2089/W-S-Z+_2015-12-15/SCIENCE/SUPA0154667_10OCFSF.fits  71.9178  0.5488562276363373  66.1910177596038    6.2571435722449795
/gpfs/slac/kipac/fs1/u/awright/SUBARU//Zw2089/W-S-Z+_2015-12-15/SCIENCE/SUPA0154667_1OCFSF.fits   72.3153  0.5488562276363373  65.82718148208795   6.222749542627909
/gpfs/slac/kipac/fs1/u/awright/SUBARU//Zw2089/W-S-Z+_2015-12-15/SCIENCE/SUPA0154667_2OCFSF.fits   69.3912  0.5488562276363373  68.60109606162791   6.484972157852869
/gpfs/slac/kipac/fs1/u/awright/SUBARU//Zw2089/W-S-Z+_2015-12-15/SCIENCE/SUPA0154667_3OCFSF.fits   69.4176  0.5488562276363373  68.57500658380057   6.482505877471996
/gpfs/slac/kipac/fs1/u/awright/SUBARU//Zw2089/W-S-Z+_2015-12-15/SCIENCE/SUPA0154667_4OCFSF.fits   70.2175  0.5488562276363373  67.79381745336468   6.408658810125681
/gpfs/slac/kipac/fs1/u/awright/SUBARU//Zw2089/W-S-Z+_2015-12-15/SCIENCE/SUPA0154667_5OCFSF.fits   72.8435  0.5488562276363373  65.34985794246067   6.177627379244544
/gpfs/slac/kipac/fs1/u/awright/SUBARU//Zw2089/W-S-Z+_2015-12-15/SCIENCE/SUPA0154667_6OCFSF.fits   71.7197  0.5488562276363373  66.37384675384357   6.274426691690009
/gpfs/slac/kipac/fs1/u/awright/SUBARU//Zw2089/W-S-Z+_2015-12-15/SCIENCE/SUPA0154667_7OCFSF.fits   69.1529  0.5488562276363373  68.83749455238514   6.507319288128191
/gpfs/slac/kipac/fs1/u/awright/SUBARU//Zw2089/W-S-Z+_2015-12-15/SCIENCE/SUPA0154667_8OCFSF.fits   67.9517  0.5488562276363373  70.05435297471048   6.62235087569553
/gpfs/slac/kipac/fs1/u/awright/SUBARU//Zw2089/W-S-Z+_2015-12-15/SCIENCE/SUPA0154667_9OCFSF.fits   68.9529  0.5488562276363373  69.03715981534691   6.5261939671862965
/gpfs/slac/kipac/fs1/u/awright/SUBARU//Zw2089/W-S-Z+_2015-12-15/SCIENCE/SUPA0154668_10OCFSF.fits  70.2004  0.5595482556819916  65.28938775887856   6.410219884786981
/gpfs/slac/kipac/fs1/u/awright/SUBARU//Zw2089/W-S-Z+_2015-12-15/SCIENCE/SUPA0154668_1OCFSF.fits   70.3694  0.5595482556819916  65.1325879775638    6.394825023376638
/gpfs/slac/kipac/fs1/u/awright/SUBARU//Zw2089/W-S-Z+_2015-12-15/SCIENCE/SUPA0154668_2OCFSF.fits   67.8548  0.5595482556819916  67.54630676722027   6.631807919262897
/gpfs/slac/kipac/fs1/u/awright/SUBARU//Zw2089/W-S-Z+_2015-12-15/SCIENCE/SUPA0154668_3OCFSF.fits   67.63    0.5595482556819916  67.77082857353805   6.6538518408990095
/gpfs/slac/kipac/fs1/u/awright/SUBARU//Zw2089/W-S-Z+_2015-12-15/SCIENCE/SUPA0154668_4OCFSF.fits   68.6781  0.5595482556819916  66.73657448922405   6.552307067318403
/gpfs/slac/kipac/fs1/u/awright/SUBARU//Zw2089/W-S-Z+_2015-12-15/SCIENCE/SUPA0154668_5OCFSF.fits   70.7911  0.5595482556819916  64.7445955272397    6.356731284017341
/gpfs/slac/kipac/fs1/u/awright/SUBARU//Zw2089/W-S-Z+_2015-12-15/SCIENCE/SUPA0154668_6OCFSF.fits   70.4271  0.5595482556819916  65.07922570187299   6.389585827046691
/gpfs/slac/kipac/fs1/u/awright/SUBARU//Zw2089/W-S-Z+_2015-12-15/SCIENCE/SUPA0154668_7OCFSF.fits   67.8345  0.5595482556819916  67.56652052316119   6.633792539194657
/gpfs/slac/kipac/fs1/u/awright/SUBARU//Zw2089/W-S-Z+_2015-12-15/SCIENCE/SUPA0154668_8OCFSF.fits   66.4373  0.5595482556819916  68.98746843156448   6.773303550866758
/gpfs/slac/kipac/fs1/u/awright/SUBARU//Zw2089/W-S-Z+_2015-12-15/SCIENCE/SUPA0154668_9OCFSF.fits   67.4427  0.5595482556819916  67.9590398431317    6.672330734089827
