#files                                                                                  rms      seeing              dt                  ft
/nfs/slac/g/ki/ki18/anja/SUBARU/Zw2701/W-J-V_2010-03-12/SCIENCE/SUPA0119724_10OCF.fits  26.976   1.0200000000000007  129.74495848161328  16.681494661921707
/nfs/slac/g/ki/ki18/anja/SUBARU/Zw2701/W-J-V_2010-03-12/SCIENCE/SUPA0119724_1OCF.fits   27.0588  1.0200000000000007  129.34793856342483  16.630449243868906
/nfs/slac/g/ki/ki18/anja/SUBARU/Zw2701/W-J-V_2010-03-12/SCIENCE/SUPA0119724_2OCF.fits   25.9107  1.0200000000000007  135.0793301608988   17.367342449258416
/nfs/slac/g/ki/ki18/anja/SUBARU/Zw2701/W-J-V_2010-03-12/SCIENCE/SUPA0119724_3OCF.fits   25.8057  1.0200000000000007  135.62895019317438  17.438007881979562
/nfs/slac/g/ki/ki18/anja/SUBARU/Zw2701/W-J-V_2010-03-12/SCIENCE/SUPA0119724_4OCF.fits   25.8696  1.0200000000000007  135.29393573924608  17.394934595045925
/nfs/slac/g/ki/ki18/anja/SUBARU/Zw2701/W-J-V_2010-03-12/SCIENCE/SUPA0119724_5OCF.fits   26.8856  1.0200000000000007  130.18121224744846  16.7375844318148
/nfs/slac/g/ki/ki18/anja/SUBARU/Zw2701/W-J-V_2010-03-12/SCIENCE/SUPA0119724_6OCF.fits   27.3348  1.0200000000000007  128.04190994629556  16.46253127880943
/nfs/slac/g/ki/ki18/anja/SUBARU/Zw2701/W-J-V_2010-03-12/SCIENCE/SUPA0119724_7OCF.fits   26.1571  1.0200000000000007  133.80688226141277  17.203742005038784
/nfs/slac/g/ki/ki18/anja/SUBARU/Zw2701/W-J-V_2010-03-12/SCIENCE/SUPA0119724_8OCF.fits   25.799   1.0200000000000007  135.6641730299624   17.442536532423738
/nfs/slac/g/ki/ki18/anja/SUBARU/Zw2701/W-J-V_2010-03-12/SCIENCE/SUPA0119724_9OCF.fits   25.8898  1.0200000000000007  135.18837534473036  17.381362544322474
/nfs/slac/g/ki/ki18/anja/SUBARU/Zw2701/W-J-V_2010-03-12/SCIENCE/SUPA0119725_10OCF.fits  27.0832  1.0500000000000007  129.23140544691913  16.615466414603887
/nfs/slac/g/ki/ki18/anja/SUBARU/Zw2701/W-J-V_2010-03-12/SCIENCE/SUPA0119725_1OCF.fits   27.058   1.0500000000000007  129.35176287973982  16.630940941680834
/nfs/slac/g/ki/ki18/anja/SUBARU/Zw2701/W-J-V_2010-03-12/SCIENCE/SUPA0119725_2OCF.fits   25.883   1.0500000000000007  135.22389212996947  17.385928988138932
/nfs/slac/g/ki/ki18/anja/SUBARU/Zw2701/W-J-V_2010-03-12/SCIENCE/SUPA0119725_3OCF.fits   25.7684  1.0500000000000007  135.82527436705422  17.4632495614784
/nfs/slac/g/ki/ki18/anja/SUBARU/Zw2701/W-J-V_2010-03-12/SCIENCE/SUPA0119725_4OCF.fits   25.8953  1.0500000000000007  135.15966217807866  17.377670851467254
/nfs/slac/g/ki/ki18/anja/SUBARU/Zw2701/W-J-V_2010-03-12/SCIENCE/SUPA0119725_5OCF.fits   26.8228  1.0500000000000007  130.48600444398048  16.776771999940348
/nfs/slac/g/ki/ki18/anja/SUBARU/Zw2701/W-J-V_2010-03-12/SCIENCE/SUPA0119725_6OCF.fits   27.3969  1.0500000000000007  127.75167993459115  16.42521599159029
/nfs/slac/g/ki/ki18/anja/SUBARU/Zw2701/W-J-V_2010-03-12/SCIENCE/SUPA0119725_7OCF.fits   26.1659  1.0500000000000007  133.76188092135183  17.197956118459523
/nfs/slac/g/ki/ki18/anja/SUBARU/Zw2701/W-J-V_2010-03-12/SCIENCE/SUPA0119725_8OCF.fits   25.7595  1.0500000000000007  135.87220248840234  17.4692831770803
/nfs/slac/g/ki/ki18/anja/SUBARU/Zw2701/W-J-V_2010-03-12/SCIENCE/SUPA0119725_9OCF.fits   25.8311  1.0500000000000007  135.4955847795874   17.420860900232665
/nfs/slac/g/ki/ki18/anja/SUBARU/Zw2701/W-J-V_2010-03-12/SCIENCE/SUPA0119726_10OCF.fits  27.2025  1.0950000000000006  128.66464479367704  16.542597187758478
/nfs/slac/g/ki/ki18/anja/SUBARU/Zw2701/W-J-V_2010-03-12/SCIENCE/SUPA0119726_1OCF.fits   27.0498  1.0950000000000006  129.39097516432653  16.635982521127698
/nfs/slac/g/ki/ki18/anja/SUBARU/Zw2701/W-J-V_2010-03-12/SCIENCE/SUPA0119726_2OCF.fits   25.8967  1.0950000000000006  135.15235531940363  17.37673139820904
/nfs/slac/g/ki/ki18/anja/SUBARU/Zw2701/W-J-V_2010-03-12/SCIENCE/SUPA0119726_3OCF.fits   25.804   1.0950000000000006  135.63788559913192  17.43915671988839
/nfs/slac/g/ki/ki18/anja/SUBARU/Zw2701/W-J-V_2010-03-12/SCIENCE/SUPA0119726_4OCF.fits   25.9643  1.0950000000000006  134.80047603825253  17.331489776346753
/nfs/slac/g/ki/ki18/anja/SUBARU/Zw2701/W-J-V_2010-03-12/SCIENCE/SUPA0119726_5OCF.fits   26.9176  1.0950000000000006  130.02645109519423  16.717686569382114
/nfs/slac/g/ki/ki18/anja/SUBARU/Zw2701/W-J-V_2010-03-12/SCIENCE/SUPA0119726_6OCF.fits   27.3926  1.0950000000000006  127.77173397194862  16.427794367821967
/nfs/slac/g/ki/ki18/anja/SUBARU/Zw2701/W-J-V_2010-03-12/SCIENCE/SUPA0119726_7OCF.fits   26.1712  1.0950000000000006  133.73479244360215  17.19447331417742
/nfs/slac/g/ki/ki18/anja/SUBARU/Zw2701/W-J-V_2010-03-12/SCIENCE/SUPA0119726_8OCF.fits   25.7938  1.0950000000000006  135.6915227690375   17.44605292744768
/nfs/slac/g/ki/ki18/anja/SUBARU/Zw2701/W-J-V_2010-03-12/SCIENCE/SUPA0119726_9OCF.fits   25.8609  1.0950000000000006  135.3394506765039   17.400786515550504
/nfs/slac/g/ki/ki18/anja/SUBARU/Zw2701/W-J-V_2010-03-12/SCIENCE/SUPA0119727_10OCF.fits  27.3918  0.9300000000000006  127.7754656503041   16.428274155039098
/nfs/slac/g/ki/ki18/anja/SUBARU/Zw2701/W-J-V_2010-03-12/SCIENCE/SUPA0119727_1OCF.fits   27.1206  0.9300000000000006  129.05319203852423  16.592553262095972
/nfs/slac/g/ki/ki18/anja/SUBARU/Zw2701/W-J-V_2010-03-12/SCIENCE/SUPA0119727_2OCF.fits   26.0317  0.9300000000000006  134.4514572617232   17.286615933650125
/nfs/slac/g/ki/ki18/anja/SUBARU/Zw2701/W-J-V_2010-03-12/SCIENCE/SUPA0119727_3OCF.fits   25.8956  0.9300000000000006  135.15809635613772  17.37746953150342
/nfs/slac/g/ki/ki18/anja/SUBARU/Zw2701/W-J-V_2010-03-12/SCIENCE/SUPA0119727_4OCF.fits   26.0158  0.9300000000000006  134.5336295635729   17.297180943887945
/nfs/slac/g/ki/ki18/anja/SUBARU/Zw2701/W-J-V_2010-03-12/SCIENCE/SUPA0119727_5OCF.fits   27.0088  0.9300000000000006  129.58739373833714  16.661236337786203
/nfs/slac/g/ki/ki18/anja/SUBARU/Zw2701/W-J-V_2010-03-12/SCIENCE/SUPA0119727_6OCF.fits   27.4143  0.9300000000000006  127.67059527326978  16.41479082084897
/nfs/slac/g/ki/ki18/anja/SUBARU/Zw2701/W-J-V_2010-03-12/SCIENCE/SUPA0119727_7OCF.fits   26.2829  0.9300000000000006  133.16643140597117  17.121398323624867
/nfs/slac/g/ki/ki18/anja/SUBARU/Zw2701/W-J-V_2010-03-12/SCIENCE/SUPA0119727_8OCF.fits   25.8885  0.9300000000000006  135.19516387585222  17.38223535546671
/nfs/slac/g/ki/ki18/anja/SUBARU/Zw2701/W-J-V_2010-03-12/SCIENCE/SUPA0119727_9OCF.fits   25.9742  0.9300000000000006  134.74909718104888  17.324883923277714
/nfs/slac/g/ki/ki18/anja/SUBARU/Zw2701/W-J-V_2010-03-12/SCIENCE/SUPA0119728_10OCF.fits  27.4122  0.9600000000000006  127.68037589102663  16.41604832884628
/nfs/slac/g/ki/ki18/anja/SUBARU/Zw2701/W-J-V_2010-03-12/SCIENCE/SUPA0119728_1OCF.fits   27.2715  0.9600000000000006  128.33910859322003  16.500742533414005
/nfs/slac/g/ki/ki18/anja/SUBARU/Zw2701/W-J-V_2010-03-12/SCIENCE/SUPA0119728_2OCF.fits   26.1072  0.9600000000000006  134.06263406263406  17.236624379481523
/nfs/slac/g/ki/ki18/anja/SUBARU/Zw2701/W-J-V_2010-03-12/SCIENCE/SUPA0119728_3OCF.fits   25.939   0.9600000000000006  134.9319557423185   17.348394309726665
/nfs/slac/g/ki/ki18/anja/SUBARU/Zw2701/W-J-V_2010-03-12/SCIENCE/SUPA0119728_4OCF.fits   26.0598  0.9600000000000006  134.30647971204692  17.26797596297746
/nfs/slac/g/ki/ki18/anja/SUBARU/Zw2701/W-J-V_2010-03-12/SCIENCE/SUPA0119728_5OCF.fits   27.0883  0.9600000000000006  129.2070746410812   16.61233816813901
/nfs/slac/g/ki/ki18/anja/SUBARU/Zw2701/W-J-V_2010-03-12/SCIENCE/SUPA0119728_6OCF.fits   27.4441  0.9600000000000006  127.53196497607865  16.39696692549583
/nfs/slac/g/ki/ki18/anja/SUBARU/Zw2701/W-J-V_2010-03-12/SCIENCE/SUPA0119728_7OCF.fits   26.3948  0.9600000000000006  132.60187612711596  17.048812644914907
/nfs/slac/g/ki/ki18/anja/SUBARU/Zw2701/W-J-V_2010-03-12/SCIENCE/SUPA0119728_8OCF.fits   25.9738  0.9600000000000006  134.7511723351993   17.32515072881134
/nfs/slac/g/ki/ki18/anja/SUBARU/Zw2701/W-J-V_2010-03-12/SCIENCE/SUPA0119728_9OCF.fits   26.0895  0.9600000000000006  134.1535866919642   17.248318288966825
/nfs/slac/g/ki/ki18/anja/SUBARU/Zw2701/W-J-V_2010-03-12/SCIENCE/SUPA0119729_10OCF.fits  27.3845  0.9450000000000005  127.80952728733408  16.432653508371523
/nfs/slac/g/ki/ki18/anja/SUBARU/Zw2701/W-J-V_2010-03-12/SCIENCE/SUPA0119729_1OCF.fits   27.2496  0.9450000000000005  128.44225236333745  16.514003875286242
/nfs/slac/g/ki/ki18/anja/SUBARU/Zw2701/W-J-V_2010-03-12/SCIENCE/SUPA0119729_2OCF.fits   26.1045  0.9450000000000005  134.0765002202685   17.238407171177382
/nfs/slac/g/ki/ki18/anja/SUBARU/Zw2701/W-J-V_2010-03-12/SCIENCE/SUPA0119729_3OCF.fits   25.9426  0.9450000000000005  134.91323151881463  17.34598690956188
/nfs/slac/g/ki/ki18/anja/SUBARU/Zw2701/W-J-V_2010-03-12/SCIENCE/SUPA0119729_4OCF.fits   26.0817  0.9450000000000005  134.19370669856642  17.25347657552997
/nfs/slac/g/ki/ki18/anja/SUBARU/Zw2701/W-J-V_2010-03-12/SCIENCE/SUPA0119729_5OCF.fits   27.1311  0.9450000000000005  129.00324719602227  16.58613178234572
/nfs/slac/g/ki/ki18/anja/SUBARU/Zw2701/W-J-V_2010-03-12/SCIENCE/SUPA0119729_6OCF.fits   27.5623  0.9450000000000005  126.98504841758489  16.326649082260914
/nfs/slac/g/ki/ki18/anja/SUBARU/Zw2701/W-J-V_2010-03-12/SCIENCE/SUPA0119729_7OCF.fits   26.4207  0.9450000000000005  132.47188757300148  17.032099830814474
/nfs/slac/g/ki/ki18/anja/SUBARU/Zw2701/W-J-V_2010-03-12/SCIENCE/SUPA0119729_8OCF.fits   26.0018  0.9450000000000005  134.60606573391073  17.30649416578852
/nfs/slac/g/ki/ki18/anja/SUBARU/Zw2701/W-J-V_2010-03-12/SCIENCE/SUPA0119729_9OCF.fits   26.1453  0.9450000000000005  133.86727251169427  17.211506465789263
/nfs/slac/g/ki/ki18/anja/SUBARU/Zw2701/W-J-V_2010-03-12/SCIENCE/SUPA0119730_10OCF.fits  27.2004  0.9000000000000006  128.67457831502477  16.5438743547889
/nfs/slac/g/ki/ki18/anja/SUBARU/Zw2701/W-J-V_2010-03-12/SCIENCE/SUPA0119730_1OCF.fits   27.2529  0.9000000000000006  128.42669954390175  16.51200422707308
/nfs/slac/g/ki/ki18/anja/SUBARU/Zw2701/W-J-V_2010-03-12/SCIENCE/SUPA0119730_2OCF.fits   26.0066  0.9000000000000006  134.58122168987873  17.303299931555838
/nfs/slac/g/ki/ki18/anja/SUBARU/Zw2701/W-J-V_2010-03-12/SCIENCE/SUPA0119730_3OCF.fits   25.872   0.9000000000000006  135.28138528138527  17.393320964749535
/nfs/slac/g/ki/ki18/anja/SUBARU/Zw2701/W-J-V_2010-03-12/SCIENCE/SUPA0119730_4OCF.fits   25.9888  0.9000000000000006  134.67339777134765  17.315151142030413
/nfs/slac/g/ki/ki18/anja/SUBARU/Zw2701/W-J-V_2010-03-12/SCIENCE/SUPA0119730_5OCF.fits   26.979   0.9000000000000006  129.73053115386043  16.679639719782053
/nfs/slac/g/ki/ki18/anja/SUBARU/Zw2701/W-J-V_2010-03-12/SCIENCE/SUPA0119730_6OCF.fits   27.523   0.9000000000000006  127.1663699451368   16.349961850089016
/nfs/slac/g/ki/ki18/anja/SUBARU/Zw2701/W-J-V_2010-03-12/SCIENCE/SUPA0119730_7OCF.fits   26.3332  0.9000000000000006  132.9120653775462   17.088694119970228
/nfs/slac/g/ki/ki18/anja/SUBARU/Zw2701/W-J-V_2010-03-12/SCIENCE/SUPA0119730_8OCF.fits   25.9101  0.9000000000000006  135.08245819197919  17.367744624683038
/nfs/slac/g/ki/ki18/anja/SUBARU/Zw2701/W-J-V_2010-03-12/SCIENCE/SUPA0119730_9OCF.fits   26.0117  0.9000000000000006  134.55483493966176  17.299907349385084
