#files                                                                                   rms      seeing              dt                  ft
/nfs/slac/g/ki/ki18/anja/SUBARU/Zw2701/W-S-I+_2010-03-12/SCIENCE/SUPA0119732_10OCF.fits  58.8689  0.8700000000000006  59.454143019489074  7.644104102505738
/nfs/slac/g/ki/ki18/anja/SUBARU/Zw2701/W-S-I+_2010-03-12/SCIENCE/SUPA0119732_1OCF.fits   57.6506  0.8700000000000006  60.71055635153841   7.805642959483509
/nfs/slac/g/ki/ki18/anja/SUBARU/Zw2701/W-S-I+_2010-03-12/SCIENCE/SUPA0119732_2OCF.fits   55.4508  0.8700000000000006  63.119017218867896  8.115302213854443
/nfs/slac/g/ki/ki18/anja/SUBARU/Zw2701/W-S-I+_2010-03-12/SCIENCE/SUPA0119732_3OCF.fits   55.472   0.8700000000000006  63.094894721661376  8.112200749927892
/nfs/slac/g/ki/ki18/anja/SUBARU/Zw2701/W-S-I+_2010-03-12/SCIENCE/SUPA0119732_4OCF.fits   55.4914  0.8700000000000006  63.072836511603604  8.109364694349035
/nfs/slac/g/ki/ki18/anja/SUBARU/Zw2701/W-S-I+_2010-03-12/SCIENCE/SUPA0119732_5OCF.fits   57.9117  0.8700000000000006  60.436837461169326  7.770450530721771
/nfs/slac/g/ki/ki18/anja/SUBARU/Zw2701/W-S-I+_2010-03-12/SCIENCE/SUPA0119732_6OCF.fits   57.8266  0.8700000000000006  60.52577879384228   7.781885844922579
/nfs/slac/g/ki/ki18/anja/SUBARU/Zw2701/W-S-I+_2010-03-12/SCIENCE/SUPA0119732_7OCF.fits   55.5988  0.8700000000000006  62.95099894242322   8.093699864025842
/nfs/slac/g/ki/ki18/anja/SUBARU/Zw2701/W-S-I+_2010-03-12/SCIENCE/SUPA0119732_8OCF.fits   55.6283  0.8700000000000006  62.91761567403641   8.089407729518967
/nfs/slac/g/ki/ki18/anja/SUBARU/Zw2701/W-S-I+_2010-03-12/SCIENCE/SUPA0119732_9OCF.fits   56.1282  0.8700000000000006  62.35724644652777   8.017360257410713
/nfs/slac/g/ki/ki18/anja/SUBARU/Zw2701/W-S-I+_2010-03-12/SCIENCE/SUPA0119733_10OCF.fits  58.4009  0.8250000000000004  59.93058326155933   7.705360705057627
/nfs/slac/g/ki/ki18/anja/SUBARU/Zw2701/W-S-I+_2010-03-12/SCIENCE/SUPA0119733_1OCF.fits   57.4636  0.8250000000000004  60.90812270724424   7.8310443480742595
/nfs/slac/g/ki/ki18/anja/SUBARU/Zw2701/W-S-I+_2010-03-12/SCIENCE/SUPA0119733_2OCF.fits   55.2434  0.8250000000000004  63.35598460630591   8.145769449382188
/nfs/slac/g/ki/ki18/anja/SUBARU/Zw2701/W-S-I+_2010-03-12/SCIENCE/SUPA0119733_3OCF.fits   55.2198  0.8250000000000004  63.383061872734054  8.149250812208665
/nfs/slac/g/ki/ki18/anja/SUBARU/Zw2701/W-S-I+_2010-03-12/SCIENCE/SUPA0119733_4OCF.fits   55.2451  0.8250000000000004  63.35403501849033   8.145518788091614
/nfs/slac/g/ki/ki18/anja/SUBARU/Zw2701/W-S-I+_2010-03-12/SCIENCE/SUPA0119733_5OCF.fits   57.6513  0.8250000000000004  60.70981920615841   7.805548183648938
/nfs/slac/g/ki/ki18/anja/SUBARU/Zw2701/W-S-I+_2010-03-12/SCIENCE/SUPA0119733_6OCF.fits   57.4885  0.8250000000000004  60.881741565704445  7.827652487019143
/nfs/slac/g/ki/ki18/anja/SUBARU/Zw2701/W-S-I+_2010-03-12/SCIENCE/SUPA0119733_7OCF.fits   55.3887  0.8250000000000004  63.18978419785985   8.124400825439125
/nfs/slac/g/ki/ki18/anja/SUBARU/Zw2701/W-S-I+_2010-03-12/SCIENCE/SUPA0119733_8OCF.fits   55.4694  0.8250000000000004  63.097852149112846  8.112580990600224
/nfs/slac/g/ki/ki18/anja/SUBARU/Zw2701/W-S-I+_2010-03-12/SCIENCE/SUPA0119733_9OCF.fits   55.8204  0.8250000000000004  62.70109135728157   8.061568888793344
/nfs/slac/g/ki/ki18/anja/SUBARU/Zw2701/W-S-I+_2010-03-12/SCIENCE/SUPA0119734_10OCF.fits  58.6307  0.7800000000000005  59.69568843626292   7.675159941805232
/nfs/slac/g/ki/ki18/anja/SUBARU/Zw2701/W-S-I+_2010-03-12/SCIENCE/SUPA0119734_1OCF.fits   57.6787  0.7800000000000005  60.680979286981156  7.801840194040435
/nfs/slac/g/ki/ki18/anja/SUBARU/Zw2701/W-S-I+_2010-03-12/SCIENCE/SUPA0119734_2OCF.fits   55.4722  0.7800000000000005  63.09466723872498   8.112171502121784
/nfs/slac/g/ki/ki18/anja/SUBARU/Zw2701/W-S-I+_2010-03-12/SCIENCE/SUPA0119734_3OCF.fits   55.4266  0.7800000000000005  63.14657583182082   8.11884546409125
/nfs/slac/g/ki/ki18/anja/SUBARU/Zw2701/W-S-I+_2010-03-12/SCIENCE/SUPA0119734_4OCF.fits   55.4312  0.7800000000000005  63.141335565529886  8.118171715568128
/nfs/slac/g/ki/ki18/anja/SUBARU/Zw2701/W-S-I+_2010-03-12/SCIENCE/SUPA0119734_5OCF.fits   57.8206  0.7800000000000005  60.53205950820296   7.78269336534038
/nfs/slac/g/ki/ki18/anja/SUBARU/Zw2701/W-S-I+_2010-03-12/SCIENCE/SUPA0119734_6OCF.fits   58.0022  0.7800000000000005  60.3425387312895    7.75832640830865
/nfs/slac/g/ki/ki18/anja/SUBARU/Zw2701/W-S-I+_2010-03-12/SCIENCE/SUPA0119734_7OCF.fits   55.568   0.7800000000000005  62.98589116038008   8.098186006334581
/nfs/slac/g/ki/ki18/anja/SUBARU/Zw2701/W-S-I+_2010-03-12/SCIENCE/SUPA0119734_8OCF.fits   55.6007  0.7800000000000005  62.9488477663051    8.093423284239227
/nfs/slac/g/ki/ki18/anja/SUBARU/Zw2701/W-S-I+_2010-03-12/SCIENCE/SUPA0119734_9OCF.fits   55.95    0.7800000000000005  62.55585344057194   8.04289544235925
/nfs/slac/g/ki/ki18/anja/SUBARU/Zw2701/W-S-I+_2010-03-12/SCIENCE/SUPA0119735_10OCF.fits  58.8922  0.7800000000000005  59.43062069340252   7.641079803437467
/nfs/slac/g/ki/ki18/anja/SUBARU/Zw2701/W-S-I+_2010-03-12/SCIENCE/SUPA0119735_1OCF.fits   57.7519  0.7800000000000005  60.60406670603045   7.791951433632486
/nfs/slac/g/ki/ki18/anja/SUBARU/Zw2701/W-S-I+_2010-03-12/SCIENCE/SUPA0119735_2OCF.fits   55.3843  0.7800000000000005  63.19480430374673   8.12504626762458
/nfs/slac/g/ki/ki18/anja/SUBARU/Zw2701/W-S-I+_2010-03-12/SCIENCE/SUPA0119735_3OCF.fits   55.3905  0.7800000000000005  63.18773074805246   8.124136810463888
/nfs/slac/g/ki/ki18/anja/SUBARU/Zw2701/W-S-I+_2010-03-12/SCIENCE/SUPA0119735_4OCF.fits   55.3677  0.7800000000000005  63.213750977555506  8.12748226854285
/nfs/slac/g/ki/ki18/anja/SUBARU/Zw2701/W-S-I+_2010-03-12/SCIENCE/SUPA0119735_5OCF.fits   57.8435  0.7800000000000005  60.50809511872553   7.779612229550425
/nfs/slac/g/ki/ki18/anja/SUBARU/Zw2701/W-S-I+_2010-03-12/SCIENCE/SUPA0119735_6OCF.fits   57.528   0.7800000000000005  60.8399388124044    7.822277847309136
/nfs/slac/g/ki/ki18/anja/SUBARU/Zw2701/W-S-I+_2010-03-12/SCIENCE/SUPA0119735_7OCF.fits   55.5539  0.7800000000000005  63.00187745594819   8.10024138719334
/nfs/slac/g/ki/ki18/anja/SUBARU/Zw2701/W-S-I+_2010-03-12/SCIENCE/SUPA0119735_8OCF.fits   55.6079  0.7800000000000005  62.94069727502747   8.092375363932103
/nfs/slac/g/ki/ki18/anja/SUBARU/Zw2701/W-S-I+_2010-03-12/SCIENCE/SUPA0119735_9OCF.fits   55.9747  0.7800000000000005  62.52824936980458   8.039346347546303
/nfs/slac/g/ki/ki18/anja/SUBARU/Zw2701/W-S-I+_2010-03-12/SCIENCE/SUPA0119736_10OCF.fits  59.6329  0.7200000000000004  58.692433203818695  7.546169983348118
/nfs/slac/g/ki/ki18/anja/SUBARU/Zw2701/W-S-I+_2010-03-12/SCIENCE/SUPA0119736_1OCF.fits   58.0142  0.7200000000000004  60.330057123945515  7.756721630221566
/nfs/slac/g/ki/ki18/anja/SUBARU/Zw2701/W-S-I+_2010-03-12/SCIENCE/SUPA0119736_2OCF.fits   55.8772  0.7200000000000004  62.63735477081887   8.053374184819567
/nfs/slac/g/ki/ki18/anja/SUBARU/Zw2701/W-S-I+_2010-03-12/SCIENCE/SUPA0119736_3OCF.fits   55.7638  0.7200000000000004  62.76473267603714   8.069751344061919
/nfs/slac/g/ki/ki18/anja/SUBARU/Zw2701/W-S-I+_2010-03-12/SCIENCE/SUPA0119736_4OCF.fits   55.7668  0.7200000000000004  62.76135621911244   8.0693172281716
/nfs/slac/g/ki/ki18/anja/SUBARU/Zw2701/W-S-I+_2010-03-12/SCIENCE/SUPA0119736_5OCF.fits   58.4039  0.7200000000000004  59.927504841286286  7.70496490816538
/nfs/slac/g/ki/ki18/anja/SUBARU/Zw2701/W-S-I+_2010-03-12/SCIENCE/SUPA0119736_6OCF.fits   57.9942  0.7200000000000004  60.35086267247414   7.759396629318104
/nfs/slac/g/ki/ki18/anja/SUBARU/Zw2701/W-S-I+_2010-03-12/SCIENCE/SUPA0119736_7OCF.fits   56.0518  0.7200000000000004  62.44224092714239   8.028288119204023
/nfs/slac/g/ki/ki18/anja/SUBARU/Zw2701/W-S-I+_2010-03-12/SCIENCE/SUPA0119736_8OCF.fits   55.9575  0.7200000000000004  62.54746906134119   8.041817450743867
/nfs/slac/g/ki/ki18/anja/SUBARU/Zw2701/W-S-I+_2010-03-12/SCIENCE/SUPA0119736_9OCF.fits   56.3578  0.7200000000000004  62.10320488024728   7.984697770317507
/nfs/slac/g/ki/ki18/anja/SUBARU/Zw2701/W-S-I+_2010-03-12/SCIENCE/SUPA0119737_10OCF.fits  59.6891  0.6450000000000002  58.63717161089713   7.539064921401059
/nfs/slac/g/ki/ki18/anja/SUBARU/Zw2701/W-S-I+_2010-03-12/SCIENCE/SUPA0119737_1OCF.fits   58.2822  0.6450000000000002  60.052640428810165  7.72105376941845
/nfs/slac/g/ki/ki18/anja/SUBARU/Zw2701/W-S-I+_2010-03-12/SCIENCE/SUPA0119737_2OCF.fits   56.0571  0.6450000000000002  62.43633723471247   8.02752907303446
/nfs/slac/g/ki/ki18/anja/SUBARU/Zw2701/W-S-I+_2010-03-12/SCIENCE/SUPA0119737_3OCF.fits   55.8097  0.6450000000000002  62.713112595122354  8.06311447651573
/nfs/slac/g/ki/ki18/anja/SUBARU/Zw2701/W-S-I+_2010-03-12/SCIENCE/SUPA0119737_4OCF.fits   55.9531  0.6450000000000002  62.552387624635635  8.042449837453153
/nfs/slac/g/ki/ki18/anja/SUBARU/Zw2701/W-S-I+_2010-03-12/SCIENCE/SUPA0119737_5OCF.fits   58.414   0.6450000000000002  59.91714315061458   7.703632690793302
/nfs/slac/g/ki/ki18/anja/SUBARU/Zw2701/W-S-I+_2010-03-12/SCIENCE/SUPA0119737_6OCF.fits   58.0567  0.6450000000000002  60.285892928809254  7.7510433765611895
/nfs/slac/g/ki/ki18/anja/SUBARU/Zw2701/W-S-I+_2010-03-12/SCIENCE/SUPA0119737_7OCF.fits   56.1417  0.6450000000000002  62.34225183776052   8.01543237914064
/nfs/slac/g/ki/ki18/anja/SUBARU/Zw2701/W-S-I+_2010-03-12/SCIENCE/SUPA0119737_8OCF.fits   56.1585  0.6450000000000002  62.323601948057735  8.013034536178852
/nfs/slac/g/ki/ki18/anja/SUBARU/Zw2701/W-S-I+_2010-03-12/SCIENCE/SUPA0119737_9OCF.fits   56.5475  0.6450000000000002  61.89486714708873   7.9579114903399795
/nfs/slac/g/ki/ki18/anja/SUBARU/Zw2701/W-S-I+_2010-03-12/SCIENCE/SUPA0119738_10OCF.fits  59.4482  0.6450000000000002  58.87478510703436   7.569615228047275
/nfs/slac/g/ki/ki18/anja/SUBARU/Zw2701/W-S-I+_2010-03-12/SCIENCE/SUPA0119738_1OCF.fits   58.2032  0.6450000000000002  60.13415069961789   7.7315336613794425
/nfs/slac/g/ki/ki18/anja/SUBARU/Zw2701/W-S-I+_2010-03-12/SCIENCE/SUPA0119738_2OCF.fits   55.8646  0.6450000000000002  62.65148233407202   8.05519058580926
/nfs/slac/g/ki/ki18/anja/SUBARU/Zw2701/W-S-I+_2010-03-12/SCIENCE/SUPA0119738_3OCF.fits   55.7753  0.6450000000000002  62.75179156364914   8.068087486754889
/nfs/slac/g/ki/ki18/anja/SUBARU/Zw2701/W-S-I+_2010-03-12/SCIENCE/SUPA0119738_4OCF.fits   55.9286  0.6450000000000002  62.579789231269864  8.04597290116327
/nfs/slac/g/ki/ki18/anja/SUBARU/Zw2701/W-S-I+_2010-03-12/SCIENCE/SUPA0119738_5OCF.fits   58.115   0.6450000000000002  60.22541512518283   7.743267658952077
/nfs/slac/g/ki/ki18/anja/SUBARU/Zw2701/W-S-I+_2010-03-12/SCIENCE/SUPA0119738_6OCF.fits   58.2122  0.6450000000000002  60.12485355303527   7.730338313961678
/nfs/slac/g/ki/ki18/anja/SUBARU/Zw2701/W-S-I+_2010-03-12/SCIENCE/SUPA0119738_7OCF.fits   56.1101  0.6450000000000002  62.37736165146738   8.019946498045806
/nfs/slac/g/ki/ki18/anja/SUBARU/Zw2701/W-S-I+_2010-03-12/SCIENCE/SUPA0119738_8OCF.fits   56.0263  0.6450000000000002  62.470661100233286  8.031942141458565
/nfs/slac/g/ki/ki18/anja/SUBARU/Zw2701/W-S-I+_2010-03-12/SCIENCE/SUPA0119738_9OCF.fits   56.4894  0.6450000000000002  61.95852673244892   7.9660962941720035
/nfs/slac/g/ki/ki18/anja/SUBARU/Zw2701/W-S-I+_2010-03-12/SCIENCE/SUPA0119739_10OCF.fits  58.329   0.7050000000000003  60.004457473983784  7.714858818083629
/nfs/slac/g/ki/ki18/anja/SUBARU/Zw2701/W-S-I+_2010-03-12/SCIENCE/SUPA0119739_1OCF.fits   57.1844  0.7050000000000003  61.20550359888362   7.869279034142179
/nfs/slac/g/ki/ki18/anja/SUBARU/Zw2701/W-S-I+_2010-03-12/SCIENCE/SUPA0119739_2OCF.fits   55.0028  0.7050000000000003  63.633124131862374  8.181401674096591
/nfs/slac/g/ki/ki18/anja/SUBARU/Zw2701/W-S-I+_2010-03-12/SCIENCE/SUPA0119739_3OCF.fits   54.9997  0.7050000000000003  63.63671074569498   8.181862810160784
/nfs/slac/g/ki/ki18/anja/SUBARU/Zw2701/W-S-I+_2010-03-12/SCIENCE/SUPA0119739_4OCF.fits   55.0004  0.7050000000000003  63.63590082981215   8.181758678118705
/nfs/slac/g/ki/ki18/anja/SUBARU/Zw2701/W-S-I+_2010-03-12/SCIENCE/SUPA0119739_5OCF.fits   57.15    0.7050000000000003  61.24234470691164   7.874015748031496
/nfs/slac/g/ki/ki18/anja/SUBARU/Zw2701/W-S-I+_2010-03-12/SCIENCE/SUPA0119739_6OCF.fits   57.1692  0.7050000000000003  61.22177676091322   7.8713712978317
/nfs/slac/g/ki/ki18/anja/SUBARU/Zw2701/W-S-I+_2010-03-12/SCIENCE/SUPA0119739_7OCF.fits   55.1578  0.7050000000000003  63.45430745968838   8.158410959102792
/nfs/slac/g/ki/ki18/anja/SUBARU/Zw2701/W-S-I+_2010-03-12/SCIENCE/SUPA0119739_8OCF.fits   55.1815  0.7050000000000003  63.427054356985586  8.15490698875529
/nfs/slac/g/ki/ki18/anja/SUBARU/Zw2701/W-S-I+_2010-03-12/SCIENCE/SUPA0119739_9OCF.fits   55.5308  0.7050000000000003  63.02808531481628   8.103610969047807
/nfs/slac/g/ki/ki18/anja/SUBARU/Zw2701/W-S-I+_2010-03-12/SCIENCE/SUPA0119740_10OCF.fits  57.9244  0.7200000000000004  60.423586605989875  7.7687468493415555
/nfs/slac/g/ki/ki18/anja/SUBARU/Zw2701/W-S-I+_2010-03-12/SCIENCE/SUPA0119740_1OCF.fits   56.8597  0.7200000000000004  61.555020515408984  7.914216923409726
/nfs/slac/g/ki/ki18/anja/SUBARU/Zw2701/W-S-I+_2010-03-12/SCIENCE/SUPA0119740_2OCF.fits   54.7273  0.7200000000000004  63.95345650159975   8.222587264491397
/nfs/slac/g/ki/ki18/anja/SUBARU/Zw2701/W-S-I+_2010-03-12/SCIENCE/SUPA0119740_3OCF.fits   54.6421  0.7200000000000004  64.0531751158905    8.235408229185921
/nfs/slac/g/ki/ki18/anja/SUBARU/Zw2701/W-S-I+_2010-03-12/SCIENCE/SUPA0119740_4OCF.fits   54.7907  0.7200000000000004  63.8794539949298    8.213072656490974
/nfs/slac/g/ki/ki18/anja/SUBARU/Zw2701/W-S-I+_2010-03-12/SCIENCE/SUPA0119740_5OCF.fits   57.0102  0.7200000000000004  61.3925227415445    7.893324352484292
/nfs/slac/g/ki/ki18/anja/SUBARU/Zw2701/W-S-I+_2010-03-12/SCIENCE/SUPA0119740_6OCF.fits   56.8828  0.7200000000000004  61.530023135288694  7.911002974537118
/nfs/slac/g/ki/ki18/anja/SUBARU/Zw2701/W-S-I+_2010-03-12/SCIENCE/SUPA0119740_7OCF.fits   54.8674  0.7200000000000004  63.79015590314102   8.201591473260988
/nfs/slac/g/ki/ki18/anja/SUBARU/Zw2701/W-S-I+_2010-03-12/SCIENCE/SUPA0119740_8OCF.fits   54.8912  0.7200000000000004  63.7624974495001    8.1980353863643
/nfs/slac/g/ki/ki18/anja/SUBARU/Zw2701/W-S-I+_2010-03-12/SCIENCE/SUPA0119740_9OCF.fits   55.3026  0.7200000000000004  63.28816366680771   8.137049614303848
