#files                                                                                                 rms      seeing              dt                  ft
/gpfs/slac/kipac/fs1/u/awright/SUBARU//MACS0429-02/W-S-Z+_2015-12-15/SCIENCE/SUPA0154639_10OCFSF.fits  32.3062  0.5696277537345886  136.70776224103142  13.929214825637185
/gpfs/slac/kipac/fs1/u/awright/SUBARU//MACS0429-02/W-S-Z+_2015-12-15/SCIENCE/SUPA0154639_1OCFSF.fits   32.1834  0.5696277537345886  137.22938870694858  13.982363578739351
/gpfs/slac/kipac/fs1/u/awright/SUBARU//MACS0429-02/W-S-Z+_2015-12-15/SCIENCE/SUPA0154639_2OCFSF.fits   30.7122  0.5696277537345886  143.80305899646424  14.652157774434915
/gpfs/slac/kipac/fs1/u/awright/SUBARU//MACS0429-02/W-S-Z+_2015-12-15/SCIENCE/SUPA0154639_3OCFSF.fits   30.6998  0.5696277537345886  143.8611426951058   14.658075948377514
/gpfs/slac/kipac/fs1/u/awright/SUBARU//MACS0429-02/W-S-Z+_2015-12-15/SCIENCE/SUPA0154639_4OCFSF.fits   30.8263  0.5696277537345886  143.27078853158534  14.59792449953449
/gpfs/slac/kipac/fs1/u/awright/SUBARU//MACS0429-02/W-S-Z+_2015-12-15/SCIENCE/SUPA0154639_5OCFSF.fits   32.2101  0.5696277537345886  137.11563480123345  13.970773142585712
/gpfs/slac/kipac/fs1/u/awright/SUBARU//MACS0429-02/W-S-Z+_2015-12-15/SCIENCE/SUPA0154639_6OCFSF.fits   32.1537  0.5696277537345886  137.35614590268645  13.995278925908993
/gpfs/slac/kipac/fs1/u/awright/SUBARU//MACS0429-02/W-S-Z+_2015-12-15/SCIENCE/SUPA0154639_7OCFSF.fits   30.8747  0.5696277537345886  143.04619343706042  14.5750404052509
/gpfs/slac/kipac/fs1/u/awright/SUBARU//MACS0429-02/W-S-Z+_2015-12-15/SCIENCE/SUPA0154639_8OCFSF.fits   30.6591  0.5696277537345886  144.05211857201317  14.677534565593902
/gpfs/slac/kipac/fs1/u/awright/SUBARU//MACS0429-02/W-S-Z+_2015-12-15/SCIENCE/SUPA0154639_9OCFSF.fits   30.8141  0.5696277537345886  143.32751268124687  14.603704148425559
/gpfs/slac/kipac/fs1/u/awright/SUBARU//MACS0429-02/W-S-Z+_2015-12-15/SCIENCE/SUPA0154640_10OCFSF.fits  79.111   0.5834611260890961  52.93249332344565   5.688210236250332
/gpfs/slac/kipac/fs1/u/awright/SUBARU//MACS0429-02/W-S-Z+_2015-12-15/SCIENCE/SUPA0154640_1OCFSF.fits   79.2841  0.5834611260890961  52.81692646206628   5.675791236830588
/gpfs/slac/kipac/fs1/u/awright/SUBARU//MACS0429-02/W-S-Z+_2015-12-15/SCIENCE/SUPA0154640_2OCFSF.fits   76.11    0.5834611260890961  55.01960950349637   5.912495072920772
/gpfs/slac/kipac/fs1/u/awright/SUBARU//MACS0429-02/W-S-Z+_2015-12-15/SCIENCE/SUPA0154640_3OCFSF.fits   75.7802  0.5834611260890961  55.259058161777205  5.9382266080057855
/gpfs/slac/kipac/fs1/u/awright/SUBARU//MACS0429-02/W-S-Z+_2015-12-15/SCIENCE/SUPA0154640_4OCFSF.fits   77.0883  0.5834611260890961  54.32137534893244   5.837461715980246
/gpfs/slac/kipac/fs1/u/awright/SUBARU//MACS0429-02/W-S-Z+_2015-12-15/SCIENCE/SUPA0154640_5OCFSF.fits   79.3021  0.5834611260890961  52.804938069875945  5.674502945067029
/gpfs/slac/kipac/fs1/u/awright/SUBARU//MACS0429-02/W-S-Z+_2015-12-15/SCIENCE/SUPA0154640_6OCFSF.fits   78.0786  0.5834611260890961  53.632397088460976  5.763423012195403
/gpfs/slac/kipac/fs1/u/awright/SUBARU//MACS0429-02/W-S-Z+_2015-12-15/SCIENCE/SUPA0154640_7OCFSF.fits   75.9986  0.5834611260890961  55.10025815358584   5.921161705610367
/gpfs/slac/kipac/fs1/u/awright/SUBARU//MACS0429-02/W-S-Z+_2015-12-15/SCIENCE/SUPA0154640_8OCFSF.fits   74.533   0.5834611260890961  56.18373712732761   6.037594085841171
/gpfs/slac/kipac/fs1/u/awright/SUBARU//MACS0429-02/W-S-Z+_2015-12-15/SCIENCE/SUPA0154640_9OCFSF.fits   75.7298  0.5834611260890961  55.295834391627984  5.942178640376708
/gpfs/slac/kipac/fs1/u/awright/SUBARU//MACS0429-02/W-S-Z+_2015-12-15/SCIENCE/SUPA0154641_10OCFSF.fits  77.2448  0.5611372890472413  58.994779362193654  5.825634864741705
/gpfs/slac/kipac/fs1/u/awright/SUBARU//MACS0429-02/W-S-Z+_2015-12-15/SCIENCE/SUPA0154641_1OCFSF.fits   76.491   0.5611372890472413  59.57615840918247   5.8830450641251915
/gpfs/slac/kipac/fs1/u/awright/SUBARU//MACS0429-02/W-S-Z+_2015-12-15/SCIENCE/SUPA0154641_2OCFSF.fits   73.4581  0.5611372890472413  62.03590799213124   6.125941182796724
/gpfs/slac/kipac/fs1/u/awright/SUBARU//MACS0429-02/W-S-Z+_2015-12-15/SCIENCE/SUPA0154641_3OCFSF.fits   73.3859  0.5611372890472413  62.09694141349736   6.131968130117638
/gpfs/slac/kipac/fs1/u/awright/SUBARU//MACS0429-02/W-S-Z+_2015-12-15/SCIENCE/SUPA0154641_4OCFSF.fits   74.5113  0.5611372890472413  61.159044774105084  6.039352420371138
/gpfs/slac/kipac/fs1/u/awright/SUBARU//MACS0429-02/W-S-Z+_2015-12-15/SCIENCE/SUPA0154641_5OCFSF.fits   76.4245  0.5611372890472413  59.627997996411835  5.888164135846489
/gpfs/slac/kipac/fs1/u/awright/SUBARU//MACS0429-02/W-S-Z+_2015-12-15/SCIENCE/SUPA0154641_6OCFSF.fits   75.7315  0.5611372890472413  60.173638880476105  5.94204525197573
/gpfs/slac/kipac/fs1/u/awright/SUBARU//MACS0429-02/W-S-Z+_2015-12-15/SCIENCE/SUPA0154641_7OCFSF.fits   73.4588  0.5611372890472413  62.03531684259444   6.125882807777965
/gpfs/slac/kipac/fs1/u/awright/SUBARU//MACS0429-02/W-S-Z+_2015-12-15/SCIENCE/SUPA0154641_8OCFSF.fits   72.201   0.5611372890472413  63.11602239410502   6.232600656500603
/gpfs/slac/kipac/fs1/u/awright/SUBARU//MACS0429-02/W-S-Z+_2015-12-15/SCIENCE/SUPA0154641_9OCFSF.fits   73.3929  0.5611372890472413  62.091018788967006  6.131383280944069
/gpfs/slac/kipac/fs1/u/awright/SUBARU//MACS0429-02/W-S-Z+_2015-12-15/SCIENCE/SUPA0154642_10OCFSF.fits  76.1712  0.5662042608261109  58.7252522749341    5.907744659398828
/gpfs/slac/kipac/fs1/u/awright/SUBARU//MACS0429-02/W-S-Z+_2015-12-15/SCIENCE/SUPA0154642_1OCFSF.fits   76.1439  0.5662042608261109  58.74630713799083   5.909862772986411
/gpfs/slac/kipac/fs1/u/awright/SUBARU//MACS0429-02/W-S-Z+_2015-12-15/SCIENCE/SUPA0154642_2OCFSF.fits   73.1499  0.5662042608261109  61.15077308491823   6.151751403624612
/gpfs/slac/kipac/fs1/u/awright/SUBARU//MACS0429-02/W-S-Z+_2015-12-15/SCIENCE/SUPA0154642_3OCFSF.fits   73.0891  0.5662042608261109  61.20164205174862   6.156868808071245
/gpfs/slac/kipac/fs1/u/awright/SUBARU//MACS0429-02/W-S-Z+_2015-12-15/SCIENCE/SUPA0154642_4OCFSF.fits   74.1918  0.5662042608261109  60.29201254160783   6.065360322838912
/gpfs/slac/kipac/fs1/u/awright/SUBARU//MACS0429-02/W-S-Z+_2015-12-15/SCIENCE/SUPA0154642_5OCFSF.fits   76.3281  0.5662042608261109  58.60453667894864   5.895600702755603
/gpfs/slac/kipac/fs1/u/awright/SUBARU//MACS0429-02/W-S-Z+_2015-12-15/SCIENCE/SUPA0154642_6OCFSF.fits   75.7398  0.5662042608261109  59.05974053383373   5.941394088708974
/gpfs/slac/kipac/fs1/u/awright/SUBARU//MACS0429-02/W-S-Z+_2015-12-15/SCIENCE/SUPA0154642_7OCFSF.fits   73.3604  0.5662042608261109  60.975307333172395  6.134099595967307
/gpfs/slac/kipac/fs1/u/awright/SUBARU//MACS0429-02/W-S-Z+_2015-12-15/SCIENCE/SUPA0154642_8OCFSF.fits   72.0746  0.5662042608261109  62.063097625022685  6.243531008149889
/gpfs/slac/kipac/fs1/u/awright/SUBARU//MACS0429-02/W-S-Z+_2015-12-15/SCIENCE/SUPA0154642_9OCFSF.fits   73.1744  0.5662042608261109  61.130298794174735  6.149691695456334
/gpfs/slac/kipac/fs1/u/awright/SUBARU//MACS0429-02/W-S-Z+_2015-12-15/SCIENCE/SUPA0154643_10OCFSF.fits  75.8452  0.5962197475433351  52.42738636837902   5.933137495846803
/gpfs/slac/kipac/fs1/u/awright/SUBARU//MACS0429-02/W-S-Z+_2015-12-15/SCIENCE/SUPA0154643_1OCFSF.fits   75.8641  0.5962197475433351  52.4143251496687    5.931659375119458
/gpfs/slac/kipac/fs1/u/awright/SUBARU//MACS0429-02/W-S-Z+_2015-12-15/SCIENCE/SUPA0154643_2OCFSF.fits   72.6824  0.5962197475433351  54.70878238180055   6.191320044467436
/gpfs/slac/kipac/fs1/u/awright/SUBARU//MACS0429-02/W-S-Z+_2015-12-15/SCIENCE/SUPA0154643_3OCFSF.fits   72.491   0.5962197475433351  54.85323149890304   6.207667158681767
/gpfs/slac/kipac/fs1/u/awright/SUBARU//MACS0429-02/W-S-Z+_2015-12-15/SCIENCE/SUPA0154643_4OCFSF.fits   73.6632  0.5962197475433351  53.98035388887505   6.1088847619978495
/gpfs/slac/kipac/fs1/u/awright/SUBARU//MACS0429-02/W-S-Z+_2015-12-15/SCIENCE/SUPA0154643_5OCFSF.fits   75.9227  0.5962197475433351  52.37386979897949   5.927081096957826
/gpfs/slac/kipac/fs1/u/awright/SUBARU//MACS0429-02/W-S-Z+_2015-12-15/SCIENCE/SUPA0154643_6OCFSF.fits   75.1954  0.5962197475433351  52.88043689623275   5.984408620740098
/gpfs/slac/kipac/fs1/u/awright/SUBARU//MACS0429-02/W-S-Z+_2015-12-15/SCIENCE/SUPA0154643_7OCFSF.fits   72.9033  0.5962197475433351  54.54301251914496   6.172560089872475
/gpfs/slac/kipac/fs1/u/awright/SUBARU//MACS0429-02/W-S-Z+_2015-12-15/SCIENCE/SUPA0154643_8OCFSF.fits   71.6639  0.5962197475433351  55.48631325656266   6.2793121780980385
/gpfs/slac/kipac/fs1/u/awright/SUBARU//MACS0429-02/W-S-Z+_2015-12-15/SCIENCE/SUPA0154643_9OCFSF.fits   73.085   0.5962197475433351  54.40741061212261   6.157214202640762
/gpfs/slac/kipac/fs1/u/awright/SUBARU//MACS0429-02/W-S-Z+_2015-12-15/SCIENCE/SUPA0154644_10OCFSF.fits  75.6563  0.5433910403251648  64.11588351333556   5.947951459429023
/gpfs/slac/kipac/fs1/u/awright/SUBARU//MACS0429-02/W-S-Z+_2015-12-15/SCIENCE/SUPA0154644_1OCFSF.fits   74.8102  0.5433910403251648  64.84103127447821   6.015222523131873
/gpfs/slac/kipac/fs1/u/awright/SUBARU//MACS0429-02/W-S-Z+_2015-12-15/SCIENCE/SUPA0154644_2OCFSF.fits   72.0566  0.5433910403251648  67.31889261844118   6.245090664838474
/gpfs/slac/kipac/fs1/u/awright/SUBARU//MACS0429-02/W-S-Z+_2015-12-15/SCIENCE/SUPA0154644_3OCFSF.fits   71.8354  0.5433910403251648  67.52618510998713   6.264320933690074
/gpfs/slac/kipac/fs1/u/awright/SUBARU//MACS0429-02/W-S-Z+_2015-12-15/SCIENCE/SUPA0154644_4OCFSF.fits   73.1917  0.5433910403251648  66.27487157491859   6.148238119896108
/gpfs/slac/kipac/fs1/u/awright/SUBARU//MACS0429-02/W-S-Z+_2015-12-15/SCIENCE/SUPA0154644_5OCFSF.fits   74.888   0.5433910403251648  64.77366891691551   6.008973400277748
/gpfs/slac/kipac/fs1/u/awright/SUBARU//MACS0429-02/W-S-Z+_2015-12-15/SCIENCE/SUPA0154644_6OCFSF.fits   74.345   0.5433910403251648  65.24676195910914   6.052861658484095
/gpfs/slac/kipac/fs1/u/awright/SUBARU//MACS0429-02/W-S-Z+_2015-12-15/SCIENCE/SUPA0154644_7OCFSF.fits   71.8307  0.5433910403251648  67.53060345854864   6.264730818438356
/gpfs/slac/kipac/fs1/u/awright/SUBARU//MACS0429-02/W-S-Z+_2015-12-15/SCIENCE/SUPA0154644_8OCFSF.fits   70.8503  0.5433910403251648  68.46506673719051   6.351419824616126
/gpfs/slac/kipac/fs1/u/awright/SUBARU//MACS0429-02/W-S-Z+_2015-12-15/SCIENCE/SUPA0154644_9OCFSF.fits   72.2098  0.5433910403251648  67.17606914643122   6.231841107439711
/gpfs/slac/kipac/fs1/u/awright/SUBARU//MACS0429-02/W-S-Z+_2015-12-15/SCIENCE/SUPA0154645_10OCFSF.fits  73.9818  0.6670022032260895  47.308932737511114  6.082577066251429
/gpfs/slac/kipac/fs1/u/awright/SUBARU//MACS0429-02/W-S-Z+_2015-12-15/SCIENCE/SUPA0154645_1OCFSF.fits   73.6848  0.6670022032260895  47.49962000303998   6.1070940003908545
/gpfs/slac/kipac/fs1/u/awright/SUBARU//MACS0429-02/W-S-Z+_2015-12-15/SCIENCE/SUPA0154645_2OCFSF.fits   70.8258  0.6670022032260895  49.417020351340895  6.353616902315258
/gpfs/slac/kipac/fs1/u/awright/SUBARU//MACS0429-02/W-S-Z+_2015-12-15/SCIENCE/SUPA0154645_3OCFSF.fits   71.702   0.6670022032260895  48.81314328749547   6.2759755655351315
/gpfs/slac/kipac/fs1/u/awright/SUBARU//MACS0429-02/W-S-Z+_2015-12-15/SCIENCE/SUPA0154645_4OCFSF.fits   73.0006  0.6670022032260895  47.94481141250893   6.164332895894006
/gpfs/slac/kipac/fs1/u/awright/SUBARU//MACS0429-02/W-S-Z+_2015-12-15/SCIENCE/SUPA0154645_5OCFSF.fits   74.4669  0.6670022032260895  47.0007479833322    6.042953312142711
/gpfs/slac/kipac/fs1/u/awright/SUBARU//MACS0429-02/W-S-Z+_2015-12-15/SCIENCE/SUPA0154645_6OCFSF.fits   74.5295  0.6670022032260895  46.96127036945102   6.037877618929417
/gpfs/slac/kipac/fs1/u/awright/SUBARU//MACS0429-02/W-S-Z+_2015-12-15/SCIENCE/SUPA0154645_7OCFSF.fits   71.233   0.6670022032260895  49.134530344082094  6.317296758524841
/gpfs/slac/kipac/fs1/u/awright/SUBARU//MACS0429-02/W-S-Z+_2015-12-15/SCIENCE/SUPA0154645_8OCFSF.fits   69.9999  0.6670022032260895  50.00007142867347   6.428580612258018
/gpfs/slac/kipac/fs1/u/awright/SUBARU//MACS0429-02/W-S-Z+_2015-12-15/SCIENCE/SUPA0154645_9OCFSF.fits   71.0516  0.6670022032260895  49.25997444111041   6.333425285285624
/gpfs/slac/kipac/fs1/u/awright/SUBARU//MACS0429-02/W-S-Z+_2015-12-15/SCIENCE/SUPA0154646_10OCFSF.fits  72.8369  0.5681995525360108  60.960137873656194  6.178187155137025
/gpfs/slac/kipac/fs1/u/awright/SUBARU//MACS0429-02/W-S-Z+_2015-12-15/SCIENCE/SUPA0154646_1OCFSF.fits   72.2398  0.5681995525360108  61.46400552451293   6.22925312639293
/gpfs/slac/kipac/fs1/u/awright/SUBARU//MACS0429-02/W-S-Z+_2015-12-15/SCIENCE/SUPA0154646_2OCFSF.fits   69.9676  0.5681995525360108  63.46005102775726   6.43154831664942
/gpfs/slac/kipac/fs1/u/awright/SUBARU//MACS0429-02/W-S-Z+_2015-12-15/SCIENCE/SUPA0154646_3OCFSF.fits   70.3804  0.5681995525360108  63.08784073818434   6.393825553705294
/gpfs/slac/kipac/fs1/u/awright/SUBARU//MACS0429-02/W-S-Z+_2015-12-15/SCIENCE/SUPA0154646_4OCFSF.fits   71.5999  0.5681995525360108  62.013319380190595  6.284924978945501
/gpfs/slac/kipac/fs1/u/awright/SUBARU//MACS0429-02/W-S-Z+_2015-12-15/SCIENCE/SUPA0154646_5OCFSF.fits   73.1927  0.5681995525360108  60.66380207711573   6.148154119194947
/gpfs/slac/kipac/fs1/u/awright/SUBARU//MACS0429-02/W-S-Z+_2015-12-15/SCIENCE/SUPA0154646_6OCFSF.fits   73.449   0.5681995525360108  60.452115975570926  6.126700159294204
/gpfs/slac/kipac/fs1/u/awright/SUBARU//MACS0429-02/W-S-Z+_2015-12-15/SCIENCE/SUPA0154646_7OCFSF.fits   70.1461  0.5681995525360108  63.29856494216654   6.415182027226032
/gpfs/slac/kipac/fs1/u/awright/SUBARU//MACS0429-02/W-S-Z+_2015-12-15/SCIENCE/SUPA0154646_8OCFSF.fits   69.1122  0.5681995525360108  64.24549451890852   6.511151432019238
/gpfs/slac/kipac/fs1/u/awright/SUBARU//MACS0429-02/W-S-Z+_2015-12-15/SCIENCE/SUPA0154646_9OCFSF.fits   70.1255  0.5681995525360108  63.317159468234934  6.417066544980071
/gpfs/slac/kipac/fs1/u/awright/SUBARU//MACS0429-02/W-S-Z+_2015-12-15/SCIENCE/SUPA0154647_10OCFSF.fits  72.1641  0.5692976853847505  61.27661123491079   6.235787600759934
/gpfs/slac/kipac/fs1/u/awright/SUBARU//MACS0429-02/W-S-Z+_2015-12-15/SCIENCE/SUPA0154647_1OCFSF.fits   71.7446  0.5692976853847505  61.6349035442002    6.27224906125339
/gpfs/slac/kipac/fs1/u/awright/SUBARU//MACS0429-02/W-S-Z+_2015-12-15/SCIENCE/SUPA0154647_2OCFSF.fits   69.1344  0.5692976853847505  63.961956722228386  6.509060612372423
/gpfs/slac/kipac/fs1/u/awright/SUBARU//MACS0429-02/W-S-Z+_2015-12-15/SCIENCE/SUPA0154647_3OCFSF.fits   69.2965  0.5692976853847505  63.812335411127926  6.4938344649441175
/gpfs/slac/kipac/fs1/u/awright/SUBARU//MACS0429-02/W-S-Z+_2015-12-15/SCIENCE/SUPA0154647_4OCFSF.fits   71.9583  0.5692976853847505  61.451861714593406  6.253621889344246
/gpfs/slac/kipac/fs1/u/awright/SUBARU//MACS0429-02/W-S-Z+_2015-12-15/SCIENCE/SUPA0154647_5OCFSF.fits   72.6122  0.5692976853847505  60.89846473205916   6.197305686923134
/gpfs/slac/kipac/fs1/u/awright/SUBARU//MACS0429-02/W-S-Z+_2015-12-15/SCIENCE/SUPA0154647_6OCFSF.fits   72.2872  0.5692976853847505  61.17226149051597   6.225168494560586
/gpfs/slac/kipac/fs1/u/awright/SUBARU//MACS0429-02/W-S-Z+_2015-12-15/SCIENCE/SUPA0154647_7OCFSF.fits   69.5478  0.5692976853847505  63.58175960730931   6.4703700188934805
/gpfs/slac/kipac/fs1/u/awright/SUBARU//MACS0429-02/W-S-Z+_2015-12-15/SCIENCE/SUPA0154647_8OCFSF.fits   68.2355  0.5692976853847505  64.80455922235825   6.594807688080251
/gpfs/slac/kipac/fs1/u/awright/SUBARU//MACS0429-02/W-S-Z+_2015-12-15/SCIENCE/SUPA0154647_9OCFSF.fits   69.3376  0.5692976853847505  63.77451052267783   6.489985231678051
/gpfs/slac/kipac/fs1/u/awright/SUBARU//MACS0429-02/W-S-Z+_2015-12-15/SCIENCE/SUPA0154648_10OCFSF.fits  73.1318  0.5944899649620057  54.76408958809123   6.153273951960706
/gpfs/slac/kipac/fs1/u/awright/SUBARU//MACS0429-02/W-S-Z+_2015-12-15/SCIENCE/SUPA0154648_1OCFSF.fits   72.6884  0.5944899649620057  55.09815110716937   6.190808987403767
/gpfs/slac/kipac/fs1/u/awright/SUBARU//MACS0429-02/W-S-Z+_2015-12-15/SCIENCE/SUPA0154648_2OCFSF.fits   70.0308  0.5944899649620057  57.18907176468597   6.425744101166916
/gpfs/slac/kipac/fs1/u/awright/SUBARU//MACS0429-02/W-S-Z+_2015-12-15/SCIENCE/SUPA0154648_3OCFSF.fits   70.3154  0.5944899649620057  56.95760028298738   6.3997360464421735
/gpfs/slac/kipac/fs1/u/awright/SUBARU//MACS0429-02/W-S-Z+_2015-12-15/SCIENCE/SUPA0154648_4OCFSF.fits   72.1737  0.5944899649620057  55.49107842522097   6.234958163430724
/gpfs/slac/kipac/fs1/u/awright/SUBARU//MACS0429-02/W-S-Z+_2015-12-15/SCIENCE/SUPA0154648_5OCFSF.fits   73.3636  0.5944899649620057  54.59105669485099   6.133832036595805
/gpfs/slac/kipac/fs1/u/awright/SUBARU//MACS0429-02/W-S-Z+_2015-12-15/SCIENCE/SUPA0154648_6OCFSF.fits   73.2912  0.5944899649620057  54.64498393993235   6.139891282991682
/gpfs/slac/kipac/fs1/u/awright/SUBARU//MACS0429-02/W-S-Z+_2015-12-15/SCIENCE/SUPA0154648_7OCFSF.fits   70.7244  0.5944899649620057  56.628213840461996  6.362726300965438
/gpfs/slac/kipac/fs1/u/awright/SUBARU//MACS0429-02/W-S-Z+_2015-12-15/SCIENCE/SUPA0154648_8OCFSF.fits   69.0258  0.5944899649620057  58.02173168494056   6.519301478577575
/gpfs/slac/kipac/fs1/u/awright/SUBARU//MACS0429-02/W-S-Z+_2015-12-15/SCIENCE/SUPA0154648_9OCFSF.fits   70.2342  0.5944899649620057  57.02345078235917   6.407134985519875
/gpfs/slac/kipac/fs1/u/awright/SUBARU//MACS0429-02/W-S-Z+_2015-12-15/SCIENCE/SUPA0154649_10OCFSF.fits  72.9911  0.6097394742965698  51.41162611997167   6.165135201414967
/gpfs/slac/kipac/fs1/u/awright/SUBARU//MACS0429-02/W-S-Z+_2015-12-15/SCIENCE/SUPA0154649_1OCFSF.fits   73.0605  0.6097394742965698  51.362790335208004  6.159278953743815
/gpfs/slac/kipac/fs1/u/awright/SUBARU//MACS0429-02/W-S-Z+_2015-12-15/SCIENCE/SUPA0154649_2OCFSF.fits   70.1301  0.6097394742965698  53.50899461551409   6.416645634328199
/gpfs/slac/kipac/fs1/u/awright/SUBARU//MACS0429-02/W-S-Z+_2015-12-15/SCIENCE/SUPA0154649_3OCFSF.fits   70.8644  0.6097394742965698  52.954532082194504  6.350156072724809
/gpfs/slac/kipac/fs1/u/awright/SUBARU//MACS0429-02/W-S-Z+_2015-12-15/SCIENCE/SUPA0154649_4OCFSF.fits   71.8847  0.6097394742965698  52.202918608347325  6.260024734053283
/gpfs/slac/kipac/fs1/u/awright/SUBARU//MACS0429-02/W-S-Z+_2015-12-15/SCIENCE/SUPA0154649_5OCFSF.fits   73.3315  0.6097394742965698  51.17297673285647   6.136517049289868
/gpfs/slac/kipac/fs1/u/awright/SUBARU//MACS0429-02/W-S-Z+_2015-12-15/SCIENCE/SUPA0154649_6OCFSF.fits   73.2141  0.6097394742965698  51.25503343325212   6.146357054173991
/gpfs/slac/kipac/fs1/u/awright/SUBARU//MACS0429-02/W-S-Z+_2015-12-15/SCIENCE/SUPA0154649_7OCFSF.fits   70.3582  0.6097394742965698  53.3355194317857    6.3958429863185815
/gpfs/slac/kipac/fs1/u/awright/SUBARU//MACS0429-02/W-S-Z+_2015-12-15/SCIENCE/SUPA0154649_8OCFSF.fits   69.0314  0.6097394742965698  54.36064085742813   6.518772616519438
/gpfs/slac/kipac/fs1/u/awright/SUBARU//MACS0429-02/W-S-Z+_2015-12-15/SCIENCE/SUPA0154649_9OCFSF.fits   70.061   0.6097394742965698  53.5617696476708    6.42297426528311
/gpfs/slac/kipac/fs1/u/awright/SUBARU//MACS0429-02/W-S-Z+_2015-12-15/SCIENCE/SUPA0154650_10OCFSF.fits  71.6913  0.6019297108650208  54.14682122761667   6.276912261320412
/gpfs/slac/kipac/fs1/u/awright/SUBARU//MACS0429-02/W-S-Z+_2015-12-15/SCIENCE/SUPA0154650_1OCFSF.fits   71.3997  0.6019297108650208  54.36795959472428   6.3025474896953355
/gpfs/slac/kipac/fs1/u/awright/SUBARU//MACS0429-02/W-S-Z+_2015-12-15/SCIENCE/SUPA0154650_2OCFSF.fits   68.6297  0.6019297108650208  56.562333868215     6.556927977246003
/gpfs/slac/kipac/fs1/u/awright/SUBARU//MACS0429-02/W-S-Z+_2015-12-15/SCIENCE/SUPA0154650_3OCFSF.fits   69.4709  0.6019297108650208  55.877439398013195  6.477532319287644
/gpfs/slac/kipac/fs1/u/awright/SUBARU//MACS0429-02/W-S-Z+_2015-12-15/SCIENCE/SUPA0154650_4OCFSF.fits   70.166   0.6019297108650208  55.323889129712896  6.413362597269333
/gpfs/slac/kipac/fs1/u/awright/SUBARU//MACS0429-02/W-S-Z+_2015-12-15/SCIENCE/SUPA0154650_5OCFSF.fits   71.8046  0.6019297108650208  54.061383319110966  6.267007963278119
/gpfs/slac/kipac/fs1/u/awright/SUBARU//MACS0429-02/W-S-Z+_2015-12-15/SCIENCE/SUPA0154650_6OCFSF.fits   71.7916  0.6019297108650208  54.07117273713686   6.268142791078621
/gpfs/slac/kipac/fs1/u/awright/SUBARU//MACS0429-02/W-S-Z+_2015-12-15/SCIENCE/SUPA0154650_7OCFSF.fits   68.9584  0.6019297108650208  56.2927214766502    6.525673449499989
/gpfs/slac/kipac/fs1/u/awright/SUBARU//MACS0429-02/W-S-Z+_2015-12-15/SCIENCE/SUPA0154650_8OCFSF.fits   67.7991  0.6019297108650208  57.25527336904819   6.637256246764338
/gpfs/slac/kipac/fs1/u/awright/SUBARU//MACS0429-02/W-S-Z+_2015-12-15/SCIENCE/SUPA0154650_9OCFSF.fits   68.9711  0.6019297108650208  56.282356011074704  6.5244718440042275
/gpfs/slac/kipac/fs1/u/awright/SUBARU//MACS0429-02/W-S-Z+_2015-12-15/SCIENCE/SUPA0154651_10OCFSF.fits  72.5425  0.6243895292282104  48.3869156573516    6.203260157838508
/gpfs/slac/kipac/fs1/u/awright/SUBARU//MACS0429-02/W-S-Z+_2015-12-15/SCIENCE/SUPA0154651_1OCFSF.fits   71.9216  0.6243895292282104  48.804640456739406  6.256812974127383
/gpfs/slac/kipac/fs1/u/awright/SUBARU//MACS0429-02/W-S-Z+_2015-12-15/SCIENCE/SUPA0154651_2OCFSF.fits   69.1366  0.6243895292282104  50.77061685233912   6.508853487154416
/gpfs/slac/kipac/fs1/u/awright/SUBARU//MACS0429-02/W-S-Z+_2015-12-15/SCIENCE/SUPA0154651_3OCFSF.fits   69.4175  0.6243895292282104  50.56517202540322   6.482515215903771
/gpfs/slac/kipac/fs1/u/awright/SUBARU//MACS0429-02/W-S-Z+_2015-12-15/SCIENCE/SUPA0154651_4OCFSF.fits   71.7786  0.6243895292282104  48.90187087897269   6.269278029942072
/gpfs/slac/kipac/fs1/u/awright/SUBARU//MACS0429-02/W-S-Z+_2015-12-15/SCIENCE/SUPA0154651_5OCFSF.fits   72.5037  0.6243895292282104  48.41280967831199   6.206579802134236
/gpfs/slac/kipac/fs1/u/awright/SUBARU//MACS0429-02/W-S-Z+_2015-12-15/SCIENCE/SUPA0154651_6OCFSF.fits   72.3192  0.6243895292282104  48.53631994094831   6.222413964756248
/gpfs/slac/kipac/fs1/u/awright/SUBARU//MACS0429-02/W-S-Z+_2015-12-15/SCIENCE/SUPA0154651_7OCFSF.fits   69.7259  0.6243895292282104  50.34152056945022   6.4538428331509525
/gpfs/slac/kipac/fs1/u/awright/SUBARU//MACS0429-02/W-S-Z+_2015-12-15/SCIENCE/SUPA0154651_8OCFSF.fits   68.397   0.6243895292282104  51.31961678251134   6.5792359314005
/gpfs/slac/kipac/fs1/u/awright/SUBARU//MACS0429-02/W-S-Z+_2015-12-15/SCIENCE/SUPA0154651_9OCFSF.fits   69.5564  0.6243895292282104  50.46419637982168   6.469570017999782
/gpfs/slac/kipac/fs1/u/awright/SUBARU//MACS0429-02/W-S-Z+_2015-12-15/SCIENCE/SUPA0154652_10OCFSF.fits  70.7192  0.6808748505115509  49.49151008495571   6.36319415378002
/gpfs/slac/kipac/fs1/u/awright/SUBARU//MACS0429-02/W-S-Z+_2015-12-15/SCIENCE/SUPA0154652_1OCFSF.fits   70.7709  0.6808748505115509  49.455355237816676  6.358545673433572
/gpfs/slac/kipac/fs1/u/awright/SUBARU//MACS0429-02/W-S-Z+_2015-12-15/SCIENCE/SUPA0154652_2OCFSF.fits   67.7132  0.6808748505115509  51.68859247532239   6.6456761753985925
/gpfs/slac/kipac/fs1/u/awright/SUBARU//MACS0429-02/W-S-Z+_2015-12-15/SCIENCE/SUPA0154652_3OCFSF.fits   67.7855  0.6808748505115509  51.633461433492414  6.638587898591882
/gpfs/slac/kipac/fs1/u/awright/SUBARU//MACS0429-02/W-S-Z+_2015-12-15/SCIENCE/SUPA0154652_4OCFSF.fits   68.536   0.6808748505115509  51.068051826777165  6.565892377728493
/gpfs/slac/kipac/fs1/u/awright/SUBARU//MACS0429-02/W-S-Z+_2015-12-15/SCIENCE/SUPA0154652_5OCFSF.fits   70.5696  0.6808748505115509  49.5964267900059    6.37668344442933
/gpfs/slac/kipac/fs1/u/awright/SUBARU//MACS0429-02/W-S-Z+_2015-12-15/SCIENCE/SUPA0154652_6OCFSF.fits   70.5663  0.6808748505115509  49.59874614369749   6.37698164704682
/gpfs/slac/kipac/fs1/u/awright/SUBARU//MACS0429-02/W-S-Z+_2015-12-15/SCIENCE/SUPA0154652_7OCFSF.fits   67.912   0.6808748505115509  51.53728354340911   6.626222169866886
/gpfs/slac/kipac/fs1/u/awright/SUBARU//MACS0429-02/W-S-Z+_2015-12-15/SCIENCE/SUPA0154652_8OCFSF.fits   66.7903  0.6808748505115509  52.402818972216025  6.737505296427774
/gpfs/slac/kipac/fs1/u/awright/SUBARU//MACS0429-02/W-S-Z+_2015-12-15/SCIENCE/SUPA0154652_9OCFSF.fits   67.8574  0.6808748505115509  51.57875191209802   6.6315538172697455
/gpfs/slac/kipac/fs1/u/awright/SUBARU//MACS0429-02/W-S-Z+_2015-12-15/SCIENCE/SUPA0154653_10OCFSF.fits  71.2151  0.7608028025627136  49.14688036666381   6.318884618571061
/gpfs/slac/kipac/fs1/u/awright/SUBARU//MACS0429-02/W-S-Z+_2015-12-15/SCIENCE/SUPA0154653_1OCFSF.fits   71.6535  0.7608028025627136  48.84618336857237   6.280223575959305
/gpfs/slac/kipac/fs1/u/awright/SUBARU//MACS0429-02/W-S-Z+_2015-12-15/SCIENCE/SUPA0154653_2OCFSF.fits   68.4089  0.7608028025627136  51.16293347795389   6.5780914471655
/gpfs/slac/kipac/fs1/u/awright/SUBARU//MACS0429-02/W-S-Z+_2015-12-15/SCIENCE/SUPA0154653_3OCFSF.fits   68.5751  0.7608028025627136  51.03893395707771   6.562148651624277
/gpfs/slac/kipac/fs1/u/awright/SUBARU//MACS0429-02/W-S-Z+_2015-12-15/SCIENCE/SUPA0154653_4OCFSF.fits   69.2309  0.7608028025627136  50.55546006190877   6.499987722245413
/gpfs/slac/kipac/fs1/u/awright/SUBARU//MACS0429-02/W-S-Z+_2015-12-15/SCIENCE/SUPA0154653_5OCFSF.fits   71.5589  0.7608028025627136  48.910757431989595  6.28852595554152
/gpfs/slac/kipac/fs1/u/awright/SUBARU//MACS0429-02/W-S-Z+_2015-12-15/SCIENCE/SUPA0154653_6OCFSF.fits   71.0786  0.7608028025627136  49.24126248969451   6.331019462960723
/gpfs/slac/kipac/fs1/u/awright/SUBARU//MACS0429-02/W-S-Z+_2015-12-15/SCIENCE/SUPA0154653_7OCFSF.fits   68.7153  0.7608028025627136  50.934799091323185  6.548759883170124
/gpfs/slac/kipac/fs1/u/awright/SUBARU//MACS0429-02/W-S-Z+_2015-12-15/SCIENCE/SUPA0154653_8OCFSF.fits   66.9106  0.7608028025627136  52.3086028222733    6.725391791435139
/gpfs/slac/kipac/fs1/u/awright/SUBARU//MACS0429-02/W-S-Z+_2015-12-15/SCIENCE/SUPA0154653_9OCFSF.fits   68.3891  0.7608028025627136  51.17774616130348   6.5799959350247335
