#files                                                                                       rms      seeing              dt                  ft
/nfs/slac/g/ki/ki18/anja/SUBARU/MACS1115+01/W-J-B_2010-03-12/SCIENCE/SUPA0120015_10OCF.fits  24.7022  0.7078091695308686  141.6877848936532   18.217000914898268
/nfs/slac/g/ki/ki18/anja/SUBARU/MACS1115+01/W-J-B_2010-03-12/SCIENCE/SUPA0120015_1OCF.fits   24.6231  0.7078091695308686  142.14294707002773  18.275521766146422
/nfs/slac/g/ki/ki18/anja/SUBARU/MACS1115+01/W-J-B_2010-03-12/SCIENCE/SUPA0120015_2OCF.fits   23.9699  0.7078091695308686  146.0164623131511   18.773545154547996
/nfs/slac/g/ki/ki18/anja/SUBARU/MACS1115+01/W-J-B_2010-03-12/SCIENCE/SUPA0120015_3OCF.fits   24.0473  0.7078091695308686  145.54648546822304  18.713119560200106
/nfs/slac/g/ki/ki18/anja/SUBARU/MACS1115+01/W-J-B_2010-03-12/SCIENCE/SUPA0120015_4OCF.fits   24.1775  0.7078091695308686  144.76269258608212  18.61234618963913
/nfs/slac/g/ki/ki18/anja/SUBARU/MACS1115+01/W-J-B_2010-03-12/SCIENCE/SUPA0120015_5OCF.fits   25.0441  0.7078091695308686  139.75347487032874  17.968303911899408
/nfs/slac/g/ki/ki18/anja/SUBARU/MACS1115+01/W-J-B_2010-03-12/SCIENCE/SUPA0120015_6OCF.fits   24.8624  0.7078091695308686  140.77482463478987  18.09962031018727
/nfs/slac/g/ki/ki18/anja/SUBARU/MACS1115+01/W-J-B_2010-03-12/SCIENCE/SUPA0120015_7OCF.fits   24.2616  0.7078091695308686  144.2608896362977   18.547828667523987
/nfs/slac/g/ki/ki18/anja/SUBARU/MACS1115+01/W-J-B_2010-03-12/SCIENCE/SUPA0120015_8OCF.fits   24.1724  0.7078091695308686  144.79323526004865  18.6162731048634
/nfs/slac/g/ki/ki18/anja/SUBARU/MACS1115+01/W-J-B_2010-03-12/SCIENCE/SUPA0120015_9OCF.fits   23.9579  0.7078091695308686  146.0895988379616   18.782948422023633
/nfs/slac/g/ki/ki18/anja/SUBARU/MACS1115+01/W-J-B_2010-03-12/SCIENCE/SUPA0120016_10OCF.fits  24.6233  0.7362644710540771  142.14179252983962  18.275373325265093
/nfs/slac/g/ki/ki18/anja/SUBARU/MACS1115+01/W-J-B_2010-03-12/SCIENCE/SUPA0120016_1OCF.fits   24.6885  0.7362644710540771  141.7664094618952   18.227109787957954
/nfs/slac/g/ki/ki18/anja/SUBARU/MACS1115+01/W-J-B_2010-03-12/SCIENCE/SUPA0120016_2OCF.fits   24.0009  0.7362644710540771  145.82786478840376  18.749296901366197
/nfs/slac/g/ki/ki18/anja/SUBARU/MACS1115+01/W-J-B_2010-03-12/SCIENCE/SUPA0120016_3OCF.fits   24.0987  0.7362644710540771  145.23605007739008  18.67320643852158
/nfs/slac/g/ki/ki18/anja/SUBARU/MACS1115+01/W-J-B_2010-03-12/SCIENCE/SUPA0120016_4OCF.fits   24.1973  0.7362644710540771  144.64423716695666  18.59711620718014
/nfs/slac/g/ki/ki18/anja/SUBARU/MACS1115+01/W-J-B_2010-03-12/SCIENCE/SUPA0120016_5OCF.fits   25.0029  0.7362644710540771  139.9837618836215   17.997912242179908
/nfs/slac/g/ki/ki18/anja/SUBARU/MACS1115+01/W-J-B_2010-03-12/SCIENCE/SUPA0120016_6OCF.fits   24.8415  0.7362644710540771  140.89326328925387  18.11484813718978
/nfs/slac/g/ki/ki18/anja/SUBARU/MACS1115+01/W-J-B_2010-03-12/SCIENCE/SUPA0120016_7OCF.fits   24.3591  0.7362644710540771  143.68346942210508  18.473588925699225
/nfs/slac/g/ki/ki18/anja/SUBARU/MACS1115+01/W-J-B_2010-03-12/SCIENCE/SUPA0120016_8OCF.fits   24.0824  0.7362644710540771  145.33435205793444  18.68584526459157
/nfs/slac/g/ki/ki18/anja/SUBARU/MACS1115+01/W-J-B_2010-03-12/SCIENCE/SUPA0120016_9OCF.fits   24.0404  0.7362644710540771  145.58825976273272  18.71849054092278
/nfs/slac/g/ki/ki18/anja/SUBARU/MACS1115+01/W-J-B_2010-03-12/SCIENCE/SUPA0120017_10OCF.fits  24.7197  0.7201813025474548  141.58747881244514  18.204104418742947
/nfs/slac/g/ki/ki18/anja/SUBARU/MACS1115+01/W-J-B_2010-03-12/SCIENCE/SUPA0120017_1OCF.fits   24.6546  0.7201813025474548  141.96133784364784  18.25217200846901
/nfs/slac/g/ki/ki18/anja/SUBARU/MACS1115+01/W-J-B_2010-03-12/SCIENCE/SUPA0120017_2OCF.fits   24.1034  0.7201813025474548  145.20773002978834  18.669565289544213
/nfs/slac/g/ki/ki18/anja/SUBARU/MACS1115+01/W-J-B_2010-03-12/SCIENCE/SUPA0120017_3OCF.fits   24.1314  0.7201813025474548  145.03924347530602  18.647902732539347
/nfs/slac/g/ki/ki18/anja/SUBARU/MACS1115+01/W-J-B_2010-03-12/SCIENCE/SUPA0120017_4OCF.fits   24.2439  0.7201813025474548  144.36621170686234  18.56137007659659
/nfs/slac/g/ki/ki18/anja/SUBARU/MACS1115+01/W-J-B_2010-03-12/SCIENCE/SUPA0120017_5OCF.fits   24.932   0.7201813025474548  140.3818386009947   18.049093534413608
/nfs/slac/g/ki/ki18/anja/SUBARU/MACS1115+01/W-J-B_2010-03-12/SCIENCE/SUPA0120017_6OCF.fits   24.9254  0.7201813025474548  140.41901032681523  18.053872756304813
/nfs/slac/g/ki/ki18/anja/SUBARU/MACS1115+01/W-J-B_2010-03-12/SCIENCE/SUPA0120017_7OCF.fits   24.5967  0.7201813025474548  142.29551118645998  18.295137152544854
/nfs/slac/g/ki/ki18/anja/SUBARU/MACS1115+01/W-J-B_2010-03-12/SCIENCE/SUPA0120017_8OCF.fits   24.1409  0.7201813025474548  144.9821671934352   18.640564353441672
/nfs/slac/g/ki/ki18/anja/SUBARU/MACS1115+01/W-J-B_2010-03-12/SCIENCE/SUPA0120017_9OCF.fits   24.0578  0.7201813025474548  145.48296186683737  18.704952240021946
/nfs/slac/g/ki/ki18/anja/SUBARU/MACS1115+01/W-J-B_2010-03-12/SCIENCE/SUPA0120018_10OCF.fits  24.9361  0.6735958163738252  140.35875698284815  18.046125897794763
/nfs/slac/g/ki/ki18/anja/SUBARU/MACS1115+01/W-J-B_2010-03-12/SCIENCE/SUPA0120018_1OCF.fits   24.9023  0.6735958163738252  140.54926653361335  18.070619982893145
/nfs/slac/g/ki/ki18/anja/SUBARU/MACS1115+01/W-J-B_2010-03-12/SCIENCE/SUPA0120018_2OCF.fits   24.2258  0.6735958163738252  144.47407309562533  18.57523796943754
/nfs/slac/g/ki/ki18/anja/SUBARU/MACS1115+01/W-J-B_2010-03-12/SCIENCE/SUPA0120018_3OCF.fits   24.2254  0.6735958163738252  144.47645859304697  18.575544676248896
/nfs/slac/g/ki/ki18/anja/SUBARU/MACS1115+01/W-J-B_2010-03-12/SCIENCE/SUPA0120018_4OCF.fits   24.4901  0.6735958163738252  142.91489214008925  18.374771846582902
/nfs/slac/g/ki/ki18/anja/SUBARU/MACS1115+01/W-J-B_2010-03-12/SCIENCE/SUPA0120018_5OCF.fits   25.1877  0.6735958163738252  138.956712998805    17.865863099846354
/nfs/slac/g/ki/ki18/anja/SUBARU/MACS1115+01/W-J-B_2010-03-12/SCIENCE/SUPA0120018_6OCF.fits   25.0707  0.6735958163738252  139.60519650428589  17.94923955055104
/nfs/slac/g/ki/ki18/anja/SUBARU/MACS1115+01/W-J-B_2010-03-12/SCIENCE/SUPA0120018_7OCF.fits   24.7515  0.6735958163738252  141.40557137951237  18.180716320223016
/nfs/slac/g/ki/ki18/anja/SUBARU/MACS1115+01/W-J-B_2010-03-12/SCIENCE/SUPA0120018_8OCF.fits   24.4271  0.6735958163738252  143.28348432683373  18.422162270592906
/nfs/slac/g/ki/ki18/anja/SUBARU/MACS1115+01/W-J-B_2010-03-12/SCIENCE/SUPA0120018_9OCF.fits   24.191   0.6735958163738252  144.68190649415072  18.601959406390808
/nfs/slac/g/ki/ki18/anja/SUBARU/MACS1115+01/W-J-B_2010-03-12/SCIENCE/SUPA0120019_10OCF.fits  24.8493  0.6769404463768005  140.84903800107045  18.109162028709058
/nfs/slac/g/ki/ki18/anja/SUBARU/MACS1115+01/W-J-B_2010-03-12/SCIENCE/SUPA0120019_1OCF.fits   24.909   0.6769404463768005  140.51146172066322  18.06575936408527
/nfs/slac/g/ki/ki18/anja/SUBARU/MACS1115+01/W-J-B_2010-03-12/SCIENCE/SUPA0120019_2OCF.fits   24.1693  0.6769404463768005  144.81180671347536  18.618660863161118
/nfs/slac/g/ki/ki18/anja/SUBARU/MACS1115+01/W-J-B_2010-03-12/SCIENCE/SUPA0120019_3OCF.fits   24.1773  0.6769404463768005  144.76389009525465  18.61250015510417
/nfs/slac/g/ki/ki18/anja/SUBARU/MACS1115+01/W-J-B_2010-03-12/SCIENCE/SUPA0120019_4OCF.fits   24.401   0.6769404463768005  143.4367443957215   18.441867136592762
/nfs/slac/g/ki/ki18/anja/SUBARU/MACS1115+01/W-J-B_2010-03-12/SCIENCE/SUPA0120019_5OCF.fits   25.1677  0.6769404463768005  139.06713764070614  17.880060553805077
/nfs/slac/g/ki/ki18/anja/SUBARU/MACS1115+01/W-J-B_2010-03-12/SCIENCE/SUPA0120019_6OCF.fits   25.1469  0.6769404463768005  139.182165594964    17.894849862209657
/nfs/slac/g/ki/ki18/anja/SUBARU/MACS1115+01/W-J-B_2010-03-12/SCIENCE/SUPA0120019_7OCF.fits   24.5901  0.6769404463768005  142.33370340096218  18.30004758012371
/nfs/slac/g/ki/ki18/anja/SUBARU/MACS1115+01/W-J-B_2010-03-12/SCIENCE/SUPA0120019_8OCF.fits   24.4721  0.6769404463768005  143.0200105426179   18.38828706976516
/nfs/slac/g/ki/ki18/anja/SUBARU/MACS1115+01/W-J-B_2010-03-12/SCIENCE/SUPA0120019_9OCF.fits   24.2116  0.6769404463768005  144.55880652249334  18.586132267177717
