#files                                                                                   rms      seeing              dt                  ft
/nfs/slac/g/ki/ki18/anja/SUBARU/Zw2089/W-S-I+_2009-03-28/SCIENCE/SUPA0108251_10OCF.fits  66.4268  0.6750000000000003  52.689577098400044  6.77437419836572
/nfs/slac/g/ki/ki18/anja/SUBARU/Zw2089/W-S-I+_2009-03-28/SCIENCE/SUPA0108251_1OCF.fits   64.8511  0.6750000000000003  53.969786171707185  6.938972507790924
/nfs/slac/g/ki/ki18/anja/SUBARU/Zw2089/W-S-I+_2009-03-28/SCIENCE/SUPA0108251_2OCF.fits   61.9382  0.6750000000000003  56.50793855811115   7.2653063860428615
/nfs/slac/g/ki/ki18/anja/SUBARU/Zw2089/W-S-I+_2009-03-28/SCIENCE/SUPA0108251_3OCF.fits   62.1787  0.6750000000000003  56.28937240566303   7.237205023585247
/nfs/slac/g/ki/ki18/anja/SUBARU/Zw2089/W-S-I+_2009-03-28/SCIENCE/SUPA0108251_4OCF.fits   62.9839  0.6750000000000003  55.5697567156051    7.144683006292085
/nfs/slac/g/ki/ki18/anja/SUBARU/Zw2089/W-S-I+_2009-03-28/SCIENCE/SUPA0108251_5OCF.fits   65.8492  0.6750000000000003  53.1517467182593    6.833796006633339
/nfs/slac/g/ki/ki18/anja/SUBARU/Zw2089/W-S-I+_2009-03-28/SCIENCE/SUPA0108251_6OCF.fits   65.8313  0.6750000000000003  53.166199057287336  6.835654164508372
/nfs/slac/g/ki/ki18/anja/SUBARU/Zw2089/W-S-I+_2009-03-28/SCIENCE/SUPA0108251_7OCF.fits   63.3118  0.6750000000000003  55.28195375901491   7.107679769016203
/nfs/slac/g/ki/ki18/anja/SUBARU/Zw2089/W-S-I+_2009-03-28/SCIENCE/SUPA0108251_8OCF.fits   62.7346  0.6750000000000003  55.790584462162826  7.17307514513522
/nfs/slac/g/ki/ki18/anja/SUBARU/Zw2089/W-S-I+_2009-03-28/SCIENCE/SUPA0108251_9OCF.fits   63.1396  0.6750000000000003  55.432723678959     7.127064473009015
/nfs/slac/g/ki/ki18/anja/SUBARU/Zw2089/W-S-I+_2009-03-28/SCIENCE/SUPA0108252_10OCF.fits  63.8492  0.6450000000000002  54.816661759270275  7.047856511906178
/nfs/slac/g/ki/ki18/anja/SUBARU/Zw2089/W-S-I+_2009-03-28/SCIENCE/SUPA0108252_1OCF.fits   62.4388  0.6450000000000002  56.054888947257155  7.207057150361634
/nfs/slac/g/ki/ki18/anja/SUBARU/Zw2089/W-S-I+_2009-03-28/SCIENCE/SUPA0108252_2OCF.fits   59.4815  0.6450000000000002  58.84182476904584   7.565377470305894
/nfs/slac/g/ki/ki18/anja/SUBARU/Zw2089/W-S-I+_2009-03-28/SCIENCE/SUPA0108252_3OCF.fits   59.846   0.6450000000000002  58.48344083146743   7.519299535474385
/nfs/slac/g/ki/ki18/anja/SUBARU/Zw2089/W-S-I+_2009-03-28/SCIENCE/SUPA0108252_4OCF.fits   60.4555  0.6450000000000002  57.8938227291148    7.443491493743331
/nfs/slac/g/ki/ki18/anja/SUBARU/Zw2089/W-S-I+_2009-03-28/SCIENCE/SUPA0108252_5OCF.fits   63.3084  0.6450000000000002  55.28492269588238   7.108061489470591
/nfs/slac/g/ki/ki18/anja/SUBARU/Zw2089/W-S-I+_2009-03-28/SCIENCE/SUPA0108252_6OCF.fits   63.3918  0.6450000000000002  55.21218832719689   7.0987099277824575
/nfs/slac/g/ki/ki18/anja/SUBARU/Zw2089/W-S-I+_2009-03-28/SCIENCE/SUPA0108252_7OCF.fits   60.8453  0.6450000000000002  57.52293110560717   7.395805427863779
/nfs/slac/g/ki/ki18/anja/SUBARU/Zw2089/W-S-I+_2009-03-28/SCIENCE/SUPA0108252_8OCF.fits   60.3104  0.6450000000000002  58.03310871756778   7.4613996922587145
/nfs/slac/g/ki/ki18/anja/SUBARU/Zw2089/W-S-I+_2009-03-28/SCIENCE/SUPA0108252_9OCF.fits   60.6279  0.6450000000000002  57.7291972837588    7.422325365054703
/nfs/slac/g/ki/ki18/anja/SUBARU/Zw2089/W-S-I+_2009-03-28/SCIENCE/SUPA0108253_10OCF.fits  62.9744  0.6900000000000004  55.578139688508344  7.1457608170939295
/nfs/slac/g/ki/ki18/anja/SUBARU/Zw2089/W-S-I+_2009-03-28/SCIENCE/SUPA0108253_1OCF.fits   61.7192  0.6900000000000004  56.708447290308364  7.291086080182504
/nfs/slac/g/ki/ki18/anja/SUBARU/Zw2089/W-S-I+_2009-03-28/SCIENCE/SUPA0108253_2OCF.fits   58.7439  0.6900000000000004  59.58065433176892   7.660369842656004
/nfs/slac/g/ki/ki18/anja/SUBARU/Zw2089/W-S-I+_2009-03-28/SCIENCE/SUPA0108253_3OCF.fits   59.101   0.6900000000000004  59.220656164870306  7.6140843640547535
/nfs/slac/g/ki/ki18/anja/SUBARU/Zw2089/W-S-I+_2009-03-28/SCIENCE/SUPA0108253_4OCF.fits   59.7976  0.6900000000000004  58.53077715493598   7.525385634206055
/nfs/slac/g/ki/ki18/anja/SUBARU/Zw2089/W-S-I+_2009-03-28/SCIENCE/SUPA0108253_5OCF.fits   62.4187  0.6900000000000004  56.07293967993566   7.2093779588488704
/nfs/slac/g/ki/ki18/anja/SUBARU/Zw2089/W-S-I+_2009-03-28/SCIENCE/SUPA0108253_6OCF.fits   62.6905  0.6900000000000004  55.82983067609925   7.178121086927046
/nfs/slac/g/ki/ki18/anja/SUBARU/Zw2089/W-S-I+_2009-03-28/SCIENCE/SUPA0108253_7OCF.fits   60.1659  0.6900000000000004  58.172486408414066  7.479319681081809
/nfs/slac/g/ki/ki18/anja/SUBARU/Zw2089/W-S-I+_2009-03-28/SCIENCE/SUPA0108253_8OCF.fits   59.4251  0.6900000000000004  58.897671186081304  7.572557723924739
/nfs/slac/g/ki/ki18/anja/SUBARU/Zw2089/W-S-I+_2009-03-28/SCIENCE/SUPA0108253_9OCF.fits   59.8989  0.6900000000000004  58.43179090100152   7.512658830128768
/nfs/slac/g/ki/ki18/anja/SUBARU/Zw2089/W-S-I+_2009-03-28/SCIENCE/SUPA0108254_10OCF.fits  62.8909  0.6750000000000003  55.65193056547132   7.155248215560597
/nfs/slac/g/ki/ki18/anja/SUBARU/Zw2089/W-S-I+_2009-03-28/SCIENCE/SUPA0108254_1OCF.fits   61.4087  0.6750000000000003  56.99518146451561   7.327951902580579
/nfs/slac/g/ki/ki18/anja/SUBARU/Zw2089/W-S-I+_2009-03-28/SCIENCE/SUPA0108254_2OCF.fits   58.5885  0.6750000000000003  59.738685919591724  7.680688189661793
/nfs/slac/g/ki/ki18/anja/SUBARU/Zw2089/W-S-I+_2009-03-28/SCIENCE/SUPA0108254_3OCF.fits   59.0225  0.6750000000000003  59.29941971282138   7.624211105934178
/nfs/slac/g/ki/ki18/anja/SUBARU/Zw2089/W-S-I+_2009-03-28/SCIENCE/SUPA0108254_4OCF.fits   59.6061  0.6750000000000003  58.718822402405124  7.549562880309231
/nfs/slac/g/ki/ki18/anja/SUBARU/Zw2089/W-S-I+_2009-03-28/SCIENCE/SUPA0108254_5OCF.fits   62.427   0.6750000000000003  56.06548448587951   7.2084194338987935
/nfs/slac/g/ki/ki18/anja/SUBARU/Zw2089/W-S-I+_2009-03-28/SCIENCE/SUPA0108254_6OCF.fits   62.5103  0.6750000000000003  55.990772720655634  7.198813635512868
/nfs/slac/g/ki/ki18/anja/SUBARU/Zw2089/W-S-I+_2009-03-28/SCIENCE/SUPA0108254_7OCF.fits   60.1419  0.6750000000000003  58.19570050164694   7.4823043502117494
/nfs/slac/g/ki/ki18/anja/SUBARU/Zw2089/W-S-I+_2009-03-28/SCIENCE/SUPA0108254_8OCF.fits   59.4662  0.6750000000000003  58.856964124157926  7.567323958820305
/nfs/slac/g/ki/ki18/anja/SUBARU/Zw2089/W-S-I+_2009-03-28/SCIENCE/SUPA0108254_9OCF.fits   59.7861  0.6750000000000003  58.542035690570216  7.526833160216171
/nfs/slac/g/ki/ki18/anja/SUBARU/Zw2089/W-S-I+_2009-03-28/SCIENCE/SUPA0108255_10OCF.fits  63.4516  0.6300000000000003  55.160153565867525  7.092019744182968
/nfs/slac/g/ki/ki18/anja/SUBARU/Zw2089/W-S-I+_2009-03-28/SCIENCE/SUPA0108255_1OCF.fits   61.7624  0.6300000000000003  56.668782301205916  7.285986295869332
/nfs/slac/g/ki/ki18/anja/SUBARU/Zw2089/W-S-I+_2009-03-28/SCIENCE/SUPA0108255_2OCF.fits   58.958   0.6300000000000003  59.36429322568608   7.63255198615964
/nfs/slac/g/ki/ki18/anja/SUBARU/Zw2089/W-S-I+_2009-03-28/SCIENCE/SUPA0108255_3OCF.fits   59.4285  0.6300000000000003  58.894301555650905  7.572124485726546
/nfs/slac/g/ki/ki18/anja/SUBARU/Zw2089/W-S-I+_2009-03-28/SCIENCE/SUPA0108255_4OCF.fits   60.0155  0.6300000000000003  58.318267780823284  7.498063000391565
/nfs/slac/g/ki/ki18/anja/SUBARU/Zw2089/W-S-I+_2009-03-28/SCIENCE/SUPA0108255_5OCF.fits   62.6478  0.6300000000000003  55.86788362879463   7.183013609416452
/nfs/slac/g/ki/ki18/anja/SUBARU/Zw2089/W-S-I+_2009-03-28/SCIENCE/SUPA0108255_6OCF.fits   62.8985  0.6300000000000003  55.645206165488844  7.154383649848565
/nfs/slac/g/ki/ki18/anja/SUBARU/Zw2089/W-S-I+_2009-03-28/SCIENCE/SUPA0108255_7OCF.fits   60.4443  0.6300000000000003  57.90455013954997   7.444870732227853
/nfs/slac/g/ki/ki18/anja/SUBARU/Zw2089/W-S-I+_2009-03-28/SCIENCE/SUPA0108255_8OCF.fits   59.8111  0.6300000000000003  58.51756613738921   7.523687074807184
/nfs/slac/g/ki/ki18/anja/SUBARU/Zw2089/W-S-I+_2009-03-28/SCIENCE/SUPA0108255_9OCF.fits   60.0923  0.6300000000000003  58.243735054241554  7.488480221259628
/nfs/slac/g/ki/ki18/anja/SUBARU/Zw2089/W-S-I+_2009-03-28/SCIENCE/SUPA0108256_10OCF.fits  62.8046  0.7950000000000004  55.72840205972174   7.165080264821366
/nfs/slac/g/ki/ki18/anja/SUBARU/Zw2089/W-S-I+_2009-03-28/SCIENCE/SUPA0108256_1OCF.fits   61.3994  0.7950000000000004  57.00381436952153   7.3290618475099105
/nfs/slac/g/ki/ki18/anja/SUBARU/Zw2089/W-S-I+_2009-03-28/SCIENCE/SUPA0108256_2OCF.fits   58.5159  0.7950000000000004  59.81280301593242   7.690217530619883
/nfs/slac/g/ki/ki18/anja/SUBARU/Zw2089/W-S-I+_2009-03-28/SCIENCE/SUPA0108256_3OCF.fits   58.9507  0.7950000000000004  59.3716444418811    7.63349714252757
/nfs/slac/g/ki/ki18/anja/SUBARU/Zw2089/W-S-I+_2009-03-28/SCIENCE/SUPA0108256_4OCF.fits   59.5238  0.7950000000000004  58.80000940800151   7.560001209600193
/nfs/slac/g/ki/ki18/anja/SUBARU/Zw2089/W-S-I+_2009-03-28/SCIENCE/SUPA0108256_5OCF.fits   62.0938  0.7950000000000004  56.366336091526044  7.247100354624777
/nfs/slac/g/ki/ki18/anja/SUBARU/Zw2089/W-S-I+_2009-03-28/SCIENCE/SUPA0108256_6OCF.fits   62.4554  0.7950000000000004  56.03999013696174   7.205141589037938
/nfs/slac/g/ki/ki18/anja/SUBARU/Zw2089/W-S-I+_2009-03-28/SCIENCE/SUPA0108256_7OCF.fits   59.9705  0.7950000000000004  58.36202799709857   7.503689313912673
/nfs/slac/g/ki/ki18/anja/SUBARU/Zw2089/W-S-I+_2009-03-28/SCIENCE/SUPA0108256_8OCF.fits   59.3186  0.7950000000000004  59.0034154548489    7.586153415623429
/nfs/slac/g/ki/ki18/anja/SUBARU/Zw2089/W-S-I+_2009-03-28/SCIENCE/SUPA0108256_9OCF.fits   59.6347  0.7950000000000004  58.690661644981866  7.545942211497668
/nfs/slac/g/ki/ki18/anja/SUBARU/Zw2089/W-S-I+_2009-03-28/SCIENCE/SUPA0108257_10OCF.fits  62.5577  0.8700000000000006  55.948348484678945  7.193359090887293
/nfs/slac/g/ki/ki18/anja/SUBARU/Zw2089/W-S-I+_2009-03-28/SCIENCE/SUPA0108257_1OCF.fits   61.1704  0.8700000000000006  57.21721616991224   7.35649922184586
/nfs/slac/g/ki/ki18/anja/SUBARU/Zw2089/W-S-I+_2009-03-28/SCIENCE/SUPA0108257_2OCF.fits   58.2705  0.8700000000000006  60.06469826069795   7.7226040620897365
/nfs/slac/g/ki/ki18/anja/SUBARU/Zw2089/W-S-I+_2009-03-28/SCIENCE/SUPA0108257_3OCF.fits   58.6715  0.8700000000000006  59.65417621843655   7.669822656656128
/nfs/slac/g/ki/ki18/anja/SUBARU/Zw2089/W-S-I+_2009-03-28/SCIENCE/SUPA0108257_4OCF.fits   59.3321  0.8700000000000006  58.98999024137019   7.584427316747596
/nfs/slac/g/ki/ki18/anja/SUBARU/Zw2089/W-S-I+_2009-03-28/SCIENCE/SUPA0108257_5OCF.fits   61.8821  0.8700000000000006  56.5591665441218    7.271892841387089
/nfs/slac/g/ki/ki18/anja/SUBARU/Zw2089/W-S-I+_2009-03-28/SCIENCE/SUPA0108257_6OCF.fits   62.0392  0.8700000000000006  56.415943468000876  7.253478445885827
/nfs/slac/g/ki/ki18/anja/SUBARU/Zw2089/W-S-I+_2009-03-28/SCIENCE/SUPA0108257_7OCF.fits   59.6637  0.8700000000000006  58.66213459775374   7.542274448282624
/nfs/slac/g/ki/ki18/anja/SUBARU/Zw2089/W-S-I+_2009-03-28/SCIENCE/SUPA0108257_8OCF.fits   59.0469  0.8700000000000006  59.2749153638887    7.6210605467856904
/nfs/slac/g/ki/ki18/anja/SUBARU/Zw2089/W-S-I+_2009-03-28/SCIENCE/SUPA0108257_9OCF.fits   59.3608  0.8700000000000006  58.9614695219741    7.580760367110956
/nfs/slac/g/ki/ki18/anja/SUBARU/Zw2089/W-S-I+_2009-03-28/SCIENCE/SUPA0108258_10OCF.fits  62.8481  0.7800000000000005  55.68982992325941   7.160120990133353
/nfs/slac/g/ki/ki18/anja/SUBARU/Zw2089/W-S-I+_2009-03-28/SCIENCE/SUPA0108258_1OCF.fits   61.2369  0.7800000000000005  57.155081331680734  7.348510456930381
/nfs/slac/g/ki/ki18/anja/SUBARU/Zw2089/W-S-I+_2009-03-28/SCIENCE/SUPA0108258_2OCF.fits   58.4441  0.7800000000000005  59.88628450091626   7.699665150117805
/nfs/slac/g/ki/ki18/anja/SUBARU/Zw2089/W-S-I+_2009-03-28/SCIENCE/SUPA0108258_3OCF.fits   58.7737  0.7800000000000005  59.55044518211377   7.656485809128913
/nfs/slac/g/ki/ki18/anja/SUBARU/Zw2089/W-S-I+_2009-03-28/SCIENCE/SUPA0108258_4OCF.fits   59.5299  0.7800000000000005  58.79398419953671   7.5592265399404335
/nfs/slac/g/ki/ki18/anja/SUBARU/Zw2089/W-S-I+_2009-03-28/SCIENCE/SUPA0108258_5OCF.fits   62.1703  0.7800000000000005  56.296977817382256  7.238182862234861
/nfs/slac/g/ki/ki18/anja/SUBARU/Zw2089/W-S-I+_2009-03-28/SCIENCE/SUPA0108258_6OCF.fits   62.182   0.7800000000000005  56.28638512752887   7.236820944967997
/nfs/slac/g/ki/ki18/anja/SUBARU/Zw2089/W-S-I+_2009-03-28/SCIENCE/SUPA0108258_7OCF.fits   59.8955  0.7800000000000005  58.435107812773914  7.513085290213789
/nfs/slac/g/ki/ki18/anja/SUBARU/Zw2089/W-S-I+_2009-03-28/SCIENCE/SUPA0108258_8OCF.fits   59.3569  0.7800000000000005  58.965343540515086  7.581258455209082
/nfs/slac/g/ki/ki18/anja/SUBARU/Zw2089/W-S-I+_2009-03-28/SCIENCE/SUPA0108258_9OCF.fits   59.6105  0.7800000000000005  58.71448821935733   7.549005628203084
/nfs/slac/g/ki/ki18/anja/SUBARU/Zw2089/W-S-I+_2009-03-28/SCIENCE/SUPA0108259_10OCF.fits  62.9125  0.8100000000000005  55.63282336578581   7.152791575601033
/nfs/slac/g/ki/ki18/anja/SUBARU/Zw2089/W-S-I+_2009-03-28/SCIENCE/SUPA0108259_1OCF.fits   61.5461  0.8100000000000005  56.867941266790254  7.3115924485873185
/nfs/slac/g/ki/ki18/anja/SUBARU/Zw2089/W-S-I+_2009-03-28/SCIENCE/SUPA0108259_2OCF.fits   58.5953  0.8100000000000005  59.731753229354574  7.6797968437741595
/nfs/slac/g/ki/ki18/anja/SUBARU/Zw2089/W-S-I+_2009-03-28/SCIENCE/SUPA0108259_3OCF.fits   58.9876  0.8100000000000005  59.3345042008829    7.6287219686849435
/nfs/slac/g/ki/ki18/anja/SUBARU/Zw2089/W-S-I+_2009-03-28/SCIENCE/SUPA0108259_4OCF.fits   59.4893  0.8100000000000005  58.83410966341847   7.564385528153802
/nfs/slac/g/ki/ki18/anja/SUBARU/Zw2089/W-S-I+_2009-03-28/SCIENCE/SUPA0108259_5OCF.fits   62.2281  0.8100000000000005  56.24468688582811   7.231459742463614
/nfs/slac/g/ki/ki18/anja/SUBARU/Zw2089/W-S-I+_2009-03-28/SCIENCE/SUPA0108259_6OCF.fits   62.4275  0.8100000000000005  56.06503544111169   7.208361699571503
/nfs/slac/g/ki/ki18/anja/SUBARU/Zw2089/W-S-I+_2009-03-28/SCIENCE/SUPA0108259_7OCF.fits   59.9776  0.8100000000000005  58.35511924451795   7.502801045723737
/nfs/slac/g/ki/ki18/anja/SUBARU/Zw2089/W-S-I+_2009-03-28/SCIENCE/SUPA0108259_8OCF.fits   59.3596  0.8100000000000005  58.96266147346007   7.580913618016294
/nfs/slac/g/ki/ki18/anja/SUBARU/Zw2089/W-S-I+_2009-03-28/SCIENCE/SUPA0108259_9OCF.fits   59.5991  0.8100000000000005  58.72571901253542   7.550449587325983
/nfs/slac/g/ki/ki18/anja/SUBARU/Zw2089/W-S-I+_2009-03-28/SCIENCE/SUPA0108260_10OCF.fits  62.8748  0.8250000000000004  55.666181045506306  7.157080420136525
/nfs/slac/g/ki/ki18/anja/SUBARU/Zw2089/W-S-I+_2009-03-28/SCIENCE/SUPA0108260_1OCF.fits   61.4715  0.8250000000000004  56.936954523641035  7.320465581610991
/nfs/slac/g/ki/ki18/anja/SUBARU/Zw2089/W-S-I+_2009-03-28/SCIENCE/SUPA0108260_2OCF.fits   58.5647  0.8250000000000004  59.76296301355595   7.683809530314336
/nfs/slac/g/ki/ki18/anja/SUBARU/Zw2089/W-S-I+_2009-03-28/SCIENCE/SUPA0108260_3OCF.fits   58.8815  0.8250000000000004  59.44142048011684   7.642468347443594
/nfs/slac/g/ki/ki18/anja/SUBARU/Zw2089/W-S-I+_2009-03-28/SCIENCE/SUPA0108260_4OCF.fits   59.6477  0.8250000000000004  58.6778702280222    7.544297600745712
/nfs/slac/g/ki/ki18/anja/SUBARU/Zw2089/W-S-I+_2009-03-28/SCIENCE/SUPA0108260_5OCF.fits   62.0888  0.8250000000000004  56.37087526252722   7.2476839623249285
/nfs/slac/g/ki/ki18/anja/SUBARU/Zw2089/W-S-I+_2009-03-28/SCIENCE/SUPA0108260_6OCF.fits   62.3485  0.8250000000000004  56.13607384299542   7.217495208385126
/nfs/slac/g/ki/ki18/anja/SUBARU/Zw2089/W-S-I+_2009-03-28/SCIENCE/SUPA0108260_7OCF.fits   59.9671  0.8250000000000004  58.36533699311789   7.504114756258015
/nfs/slac/g/ki/ki18/anja/SUBARU/Zw2089/W-S-I+_2009-03-28/SCIENCE/SUPA0108260_8OCF.fits   59.4915  0.8250000000000004  58.831933973760954  7.564105796626409
/nfs/slac/g/ki/ki18/anja/SUBARU/Zw2089/W-S-I+_2009-03-28/SCIENCE/SUPA0108260_9OCF.fits   59.7363  0.8250000000000004  58.590840075465     7.5331080097026435
/nfs/slac/g/ki/ki18/anja/SUBARU/Zw2089/W-S-I+_2009-03-28/SCIENCE/SUPA0108261_10OCF.fits  62.9605  0.8400000000000005  55.59040986015041   7.147338410590767
/nfs/slac/g/ki/ki18/anja/SUBARU/Zw2089/W-S-I+_2009-03-28/SCIENCE/SUPA0108261_1OCF.fits   61.4919  0.8400000000000005  56.91806563140836   7.318037009752504
/nfs/slac/g/ki/ki18/anja/SUBARU/Zw2089/W-S-I+_2009-03-28/SCIENCE/SUPA0108261_2OCF.fits   58.7429  0.8400000000000005  59.58166859314062   7.660500247689508
/nfs/slac/g/ki/ki18/anja/SUBARU/Zw2089/W-S-I+_2009-03-28/SCIENCE/SUPA0108261_3OCF.fits   58.9749  0.8400000000000005  59.34728164015539   7.630364782305693
/nfs/slac/g/ki/ki18/anja/SUBARU/Zw2089/W-S-I+_2009-03-28/SCIENCE/SUPA0108261_4OCF.fits   59.6247  0.8400000000000005  58.70050499205866   7.547207784693256
/nfs/slac/g/ki/ki18/anja/SUBARU/Zw2089/W-S-I+_2009-03-28/SCIENCE/SUPA0108261_5OCF.fits   62.2435  0.8400000000000005  56.230771084530915  7.229670568011118
/nfs/slac/g/ki/ki18/anja/SUBARU/Zw2089/W-S-I+_2009-03-28/SCIENCE/SUPA0108261_6OCF.fits   62.4061  0.8400000000000005  56.08426099371696   7.210833556335038
/nfs/slac/g/ki/ki18/anja/SUBARU/Zw2089/W-S-I+_2009-03-28/SCIENCE/SUPA0108261_7OCF.fits   60.1635  0.8400000000000005  58.174806984301114  7.479618040838715
/nfs/slac/g/ki/ki18/anja/SUBARU/Zw2089/W-S-I+_2009-03-28/SCIENCE/SUPA0108261_8OCF.fits   59.5772  0.8400000000000005  58.747306016395534  7.553225059250854
/nfs/slac/g/ki/ki18/anja/SUBARU/Zw2089/W-S-I+_2009-03-28/SCIENCE/SUPA0108261_9OCF.fits   59.8802  0.8400000000000005  58.45003857702546   7.5150049599032736
/nfs/slac/g/ki/ki18/anja/SUBARU/Zw2089/W-S-I+_2009-03-28/SCIENCE/SUPA0108416_10OCF.fits  74.3156  0.7650000000000003  47.096437356355864  6.055256231531469
/nfs/slac/g/ki/ki18/anja/SUBARU/Zw2089/W-S-I+_2009-03-28/SCIENCE/SUPA0108416_1OCF.fits   73.099   0.7650000000000003  47.88027195994473   6.156034966278608
/nfs/slac/g/ki/ki18/anja/SUBARU/Zw2089/W-S-I+_2009-03-28/SCIENCE/SUPA0108416_2OCF.fits   69.4273  0.7650000000000003  50.41244582462518   6.481600177451809
/nfs/slac/g/ki/ki18/anja/SUBARU/Zw2089/W-S-I+_2009-03-28/SCIENCE/SUPA0108416_3OCF.fits   69.6829  0.7650000000000003  50.22753071413503   6.4578253775316465
/nfs/slac/g/ki/ki18/anja/SUBARU/Zw2089/W-S-I+_2009-03-28/SCIENCE/SUPA0108416_4OCF.fits   70.626   0.7650000000000003  49.556820434400926  6.371591198708691
/nfs/slac/g/ki/ki18/anja/SUBARU/Zw2089/W-S-I+_2009-03-28/SCIENCE/SUPA0108416_5OCF.fits   73.7643  0.7650000000000003  47.4484269490797    6.100512036310247
/nfs/slac/g/ki/ki18/anja/SUBARU/Zw2089/W-S-I+_2009-03-28/SCIENCE/SUPA0108416_6OCF.fits   74.0407  0.7650000000000003  47.271298083351454  6.07773832500233
/nfs/slac/g/ki/ki18/anja/SUBARU/Zw2089/W-S-I+_2009-03-28/SCIENCE/SUPA0108416_7OCF.fits   71.0683  0.7650000000000003  49.24839907525578   6.331937023961458
/nfs/slac/g/ki/ki18/anja/SUBARU/Zw2089/W-S-I+_2009-03-28/SCIENCE/SUPA0108416_8OCF.fits   70.4017  0.7650000000000003  49.71470859368453   6.391891104902296
/nfs/slac/g/ki/ki18/anja/SUBARU/Zw2089/W-S-I+_2009-03-28/SCIENCE/SUPA0108416_9OCF.fits   70.824   0.7650000000000003  49.41827629052299   6.353778380210098
/nfs/slac/g/ki/ki18/anja/SUBARU/Zw2089/W-S-I+_2009-03-28/SCIENCE/SUPA0108417_10OCF.fits  70.7861  0.9150000000000005  49.44473561899864   6.357180293871254
/nfs/slac/g/ki/ki18/anja/SUBARU/Zw2089/W-S-I+_2009-03-28/SCIENCE/SUPA0108417_1OCF.fits   69.2773  0.9150000000000005  50.52159942722941   6.495634212072353
/nfs/slac/g/ki/ki18/anja/SUBARU/Zw2089/W-S-I+_2009-03-28/SCIENCE/SUPA0108417_2OCF.fits   65.9289  0.9150000000000005  53.087492738389386  6.825534780650064
/nfs/slac/g/ki/ki18/anja/SUBARU/Zw2089/W-S-I+_2009-03-28/SCIENCE/SUPA0108417_3OCF.fits   66.4614  0.9150000000000005  52.66214674984277   6.7708474392654985
/nfs/slac/g/ki/ki18/anja/SUBARU/Zw2089/W-S-I+_2009-03-28/SCIENCE/SUPA0108417_4OCF.fits   67.098   0.9150000000000005  52.16250856955498   6.706608244657069
/nfs/slac/g/ki/ki18/anja/SUBARU/Zw2089/W-S-I+_2009-03-28/SCIENCE/SUPA0108417_5OCF.fits   70.0238  0.9150000000000005  49.98300577803547   6.426386457175989
/nfs/slac/g/ki/ki18/anja/SUBARU/Zw2089/W-S-I+_2009-03-28/SCIENCE/SUPA0108417_6OCF.fits   70.4581  0.9150000000000005  49.67491317534819   6.386774551116195
/nfs/slac/g/ki/ki18/anja/SUBARU/Zw2089/W-S-I+_2009-03-28/SCIENCE/SUPA0108417_7OCF.fits   67.6163  0.9150000000000005  51.76266669427343   6.6552000035494405
/nfs/slac/g/ki/ki18/anja/SUBARU/Zw2089/W-S-I+_2009-03-28/SCIENCE/SUPA0108417_8OCF.fits   66.8368  0.9150000000000005  52.36636104660906   6.732817848849736
/nfs/slac/g/ki/ki18/anja/SUBARU/Zw2089/W-S-I+_2009-03-28/SCIENCE/SUPA0108417_9OCF.fits   67.2383  0.9150000000000005  52.05366584223575   6.692614179716025
/nfs/slac/g/ki/ki18/anja/SUBARU/Zw2089/W-S-I+_2009-03-28/SCIENCE/SUPA0108421_10OCF.fits  68.556   0.8550000000000004  51.05315362623257   6.56397689480133
/nfs/slac/g/ki/ki18/anja/SUBARU/Zw2089/W-S-I+_2009-03-28/SCIENCE/SUPA0108421_1OCF.fits   67.2548  0.8550000000000004  52.04089522234844   6.690972242873371
/nfs/slac/g/ki/ki18/anja/SUBARU/Zw2089/W-S-I+_2009-03-28/SCIENCE/SUPA0108421_2OCF.fits   63.8848  0.8550000000000004  54.786115007012626  7.043929072330195
/nfs/slac/g/ki/ki18/anja/SUBARU/Zw2089/W-S-I+_2009-03-28/SCIENCE/SUPA0108421_3OCF.fits   64.4817  0.8550000000000004  54.27896597018999   6.978724196167284
/nfs/slac/g/ki/ki18/anja/SUBARU/Zw2089/W-S-I+_2009-03-28/SCIENCE/SUPA0108421_4OCF.fits   65.0392  0.8550000000000004  53.81370004551102   6.918904291565703
/nfs/slac/g/ki/ki18/anja/SUBARU/Zw2089/W-S-I+_2009-03-28/SCIENCE/SUPA0108421_5OCF.fits   67.8665  0.8550000000000004  51.571835883683406  6.630664613616438
/nfs/slac/g/ki/ki18/anja/SUBARU/Zw2089/W-S-I+_2009-03-28/SCIENCE/SUPA0108421_6OCF.fits   68.1012  0.8550000000000004  51.39410171920612   6.607813078183644
/nfs/slac/g/ki/ki18/anja/SUBARU/Zw2089/W-S-I+_2009-03-28/SCIENCE/SUPA0108421_7OCF.fits   65.3718  0.8550000000000004  53.53990558620078   6.883702146797243
/nfs/slac/g/ki/ki18/anja/SUBARU/Zw2089/W-S-I+_2009-03-28/SCIENCE/SUPA0108421_8OCF.fits   64.8087  0.8550000000000004  54.00509499496209   6.943512213637984
/nfs/slac/g/ki/ki18/anja/SUBARU/Zw2089/W-S-I+_2009-03-28/SCIENCE/SUPA0108421_9OCF.fits   65.0825  0.8550000000000004  53.77789728421619   6.914301079399224
/nfs/slac/g/ki/ki18/anja/SUBARU/Zw2089/W-S-I+_2009-03-28/SCIENCE/SUPA0108422_10OCF.fits  69.4736  1.0200000000000007  50.37884894405932   6.4772805785219125
/nfs/slac/g/ki/ki18/anja/SUBARU/Zw2089/W-S-I+_2009-03-28/SCIENCE/SUPA0108422_1OCF.fits   67.8478  1.0200000000000007  51.586049952983     6.6324921368120995
/nfs/slac/g/ki/ki18/anja/SUBARU/Zw2089/W-S-I+_2009-03-28/SCIENCE/SUPA0108422_2OCF.fits   64.8801  1.0200000000000007  53.94566284577243   6.935870937313599
/nfs/slac/g/ki/ki18/anja/SUBARU/Zw2089/W-S-I+_2009-03-28/SCIENCE/SUPA0108422_3OCF.fits   65.1848  1.0200000000000007  53.69349909794922   6.903449884022042
/nfs/slac/g/ki/ki18/anja/SUBARU/Zw2089/W-S-I+_2009-03-28/SCIENCE/SUPA0108422_4OCF.fits   65.9073  1.0200000000000007  53.10489126394192   6.82777173393539
/nfs/slac/g/ki/ki18/anja/SUBARU/Zw2089/W-S-I+_2009-03-28/SCIENCE/SUPA0108422_5OCF.fits   68.7983  1.0200000000000007  50.873350068242964  6.540859294488381
/nfs/slac/g/ki/ki18/anja/SUBARU/Zw2089/W-S-I+_2009-03-28/SCIENCE/SUPA0108422_6OCF.fits   69.244   1.0200000000000007  50.54589567327133   6.498758015134885
/nfs/slac/g/ki/ki18/anja/SUBARU/Zw2089/W-S-I+_2009-03-28/SCIENCE/SUPA0108422_7OCF.fits   66.4357  1.0200000000000007  52.682518585639954  6.773466675296565
/nfs/slac/g/ki/ki18/anja/SUBARU/Zw2089/W-S-I+_2009-03-28/SCIENCE/SUPA0108422_8OCF.fits   65.7808  1.0200000000000007  53.207014812832924  6.84090190450709
/nfs/slac/g/ki/ki18/anja/SUBARU/Zw2089/W-S-I+_2009-03-28/SCIENCE/SUPA0108422_9OCF.fits   66.2049  1.0200000000000007  52.866177579000954  6.79707997444298
/nfs/slac/g/ki/ki18/anja/SUBARU/Zw2089/W-S-I+_2009-03-28/SCIENCE/SUPA0108423_10OCF.fits  68.8979  0.9900000000000007  50.79980667045004   6.531403714772147
/nfs/slac/g/ki/ki18/anja/SUBARU/Zw2089/W-S-I+_2009-03-28/SCIENCE/SUPA0108423_1OCF.fits   67.6185  0.9900000000000007  51.76098257133773   6.654983473457708
/nfs/slac/g/ki/ki18/anja/SUBARU/Zw2089/W-S-I+_2009-03-28/SCIENCE/SUPA0108423_2OCF.fits   64.5034  0.9900000000000007  54.26070563722222   6.976376439071429
/nfs/slac/g/ki/ki18/anja/SUBARU/Zw2089/W-S-I+_2009-03-28/SCIENCE/SUPA0108423_3OCF.fits   64.7501  0.9900000000000007  54.05397057301842   6.949796216530939
/nfs/slac/g/ki/ki18/anja/SUBARU/Zw2089/W-S-I+_2009-03-28/SCIENCE/SUPA0108423_4OCF.fits   65.4575  0.9900000000000007  53.46980865447046   6.874689684146202
/nfs/slac/g/ki/ki18/anja/SUBARU/Zw2089/W-S-I+_2009-03-28/SCIENCE/SUPA0108423_5OCF.fits   68.2736  0.9900000000000007  51.264324717020926  6.591127463616976
/nfs/slac/g/ki/ki18/anja/SUBARU/Zw2089/W-S-I+_2009-03-28/SCIENCE/SUPA0108423_6OCF.fits   68.8229  0.9900000000000007  50.85516594040646   6.538521335195116
/nfs/slac/g/ki/ki18/anja/SUBARU/Zw2089/W-S-I+_2009-03-28/SCIENCE/SUPA0108423_7OCF.fits   66.1361  0.9900000000000007  52.92117315656654   6.804150834415697
/nfs/slac/g/ki/ki18/anja/SUBARU/Zw2089/W-S-I+_2009-03-28/SCIENCE/SUPA0108423_8OCF.fits   65.4356  0.9900000000000007  53.48770394097403   6.876990506696661
/nfs/slac/g/ki/ki18/anja/SUBARU/Zw2089/W-S-I+_2009-03-28/SCIENCE/SUPA0108423_9OCF.fits   65.7312  0.9900000000000007  53.247164208169025  6.846063969621732
/nfs/slac/g/ki/ki18/anja/SUBARU/Zw2089/W-S-I+_2009-03-28/SCIENCE/SUPA0108424_10OCF.fits  68.1905  1.0350000000000006  51.32679772109018   6.599159706997309
/nfs/slac/g/ki/ki18/anja/SUBARU/Zw2089/W-S-I+_2009-03-28/SCIENCE/SUPA0108424_1OCF.fits   66.5662  1.0350000000000006  52.57923691002341   6.760187602717296
/nfs/slac/g/ki/ki18/anja/SUBARU/Zw2089/W-S-I+_2009-03-28/SCIENCE/SUPA0108424_2OCF.fits   63.4761  1.0350000000000006  55.13886328870236   7.08928242283316
/nfs/slac/g/ki/ki18/anja/SUBARU/Zw2089/W-S-I+_2009-03-28/SCIENCE/SUPA0108424_3OCF.fits   63.7031  1.0350000000000006  54.94238114000731   7.064020432286655
/nfs/slac/g/ki/ki18/anja/SUBARU/Zw2089/W-S-I+_2009-03-28/SCIENCE/SUPA0108424_4OCF.fits   64.4784  1.0350000000000006  54.28174396387008   6.979081366783295
/nfs/slac/g/ki/ki18/anja/SUBARU/Zw2089/W-S-I+_2009-03-28/SCIENCE/SUPA0108424_5OCF.fits   67.249   1.0350000000000006  52.04538357447695   6.691549316718465
/nfs/slac/g/ki/ki18/anja/SUBARU/Zw2089/W-S-I+_2009-03-28/SCIENCE/SUPA0108424_6OCF.fits   67.6426  1.0350000000000006  51.74254094313347   6.652612406974303
/nfs/slac/g/ki/ki18/anja/SUBARU/Zw2089/W-S-I+_2009-03-28/SCIENCE/SUPA0108424_7OCF.fits   65.0401  1.0350000000000006  53.81295539213501   6.918808550417358
/nfs/slac/g/ki/ki18/anja/SUBARU/Zw2089/W-S-I+_2009-03-28/SCIENCE/SUPA0108424_8OCF.fits   64.2795  1.0350000000000006  54.44970791620968   7.000676732084101
/nfs/slac/g/ki/ki18/anja/SUBARU/Zw2089/W-S-I+_2009-03-28/SCIENCE/SUPA0108424_9OCF.fits   64.731   1.0350000000000006  54.0699201310037    6.95184687398619
/nfs/slac/g/ki/ki18/anja/SUBARU/Zw2089/W-S-I+_2009-03-28/SCIENCE/SUPA0108425_10OCF.fits  67.6691  1.2300000000000009  51.722277967344034  6.650007167229947
/nfs/slac/g/ki/ki18/anja/SUBARU/Zw2089/W-S-I+_2009-03-28/SCIENCE/SUPA0108425_1OCF.fits   66.0833  1.2300000000000009  52.96345672809924   6.809587293612759
/nfs/slac/g/ki/ki18/anja/SUBARU/Zw2089/W-S-I+_2009-03-28/SCIENCE/SUPA0108425_2OCF.fits   62.9357  1.2300000000000009  55.61231542669741   7.150154840575381
/nfs/slac/g/ki/ki18/anja/SUBARU/Zw2089/W-S-I+_2009-03-28/SCIENCE/SUPA0108425_3OCF.fits   63.3855  1.2300000000000009  55.21767596690095   7.099415481458693
/nfs/slac/g/ki/ki18/anja/SUBARU/Zw2089/W-S-I+_2009-03-28/SCIENCE/SUPA0108425_4OCF.fits   63.9932  1.2300000000000009  54.693311164311204  7.031997149697155
/nfs/slac/g/ki/ki18/anja/SUBARU/Zw2089/W-S-I+_2009-03-28/SCIENCE/SUPA0108425_5OCF.fits   66.7517  1.2300000000000009  52.43312155345856   6.74140134258753
/nfs/slac/g/ki/ki18/anja/SUBARU/Zw2089/W-S-I+_2009-03-28/SCIENCE/SUPA0108425_6OCF.fits   67.3393  1.2300000000000009  51.97559226187383   6.682576147955206
/nfs/slac/g/ki/ki18/anja/SUBARU/Zw2089/W-S-I+_2009-03-28/SCIENCE/SUPA0108425_7OCF.fits   64.671   1.2300000000000009  54.12008473658981   6.958296608990119
/nfs/slac/g/ki/ki18/anja/SUBARU/Zw2089/W-S-I+_2009-03-28/SCIENCE/SUPA0108425_8OCF.fits   63.87    1.2300000000000009  54.798810082981056  7.045561296383279
/nfs/slac/g/ki/ki18/anja/SUBARU/Zw2089/W-S-I+_2009-03-28/SCIENCE/SUPA0108425_9OCF.fits   64.2889  1.2300000000000009  54.441746553448574  6.999653128300531
/nfs/slac/g/ki/ki18/anja/SUBARU/Zw2089/W-S-I+_2009-03-28/SCIENCE/SUPA0108426_10OCF.fits  65.7605  1.0500000000000007  53.22343960280108   6.843013663217282
/nfs/slac/g/ki/ki18/anja/SUBARU/Zw2089/W-S-I+_2009-03-28/SCIENCE/SUPA0108426_1OCF.fits   64.4829  1.0500000000000007  54.27795586116629   6.978594325007095
/nfs/slac/g/ki/ki18/anja/SUBARU/Zw2089/W-S-I+_2009-03-28/SCIENCE/SUPA0108426_2OCF.fits   61.2487  1.0500000000000007  57.14406999658768   7.347094713846988
/nfs/slac/g/ki/ki18/anja/SUBARU/Zw2089/W-S-I+_2009-03-28/SCIENCE/SUPA0108426_3OCF.fits   61.7002  1.0500000000000007  56.72591012670947   7.2933313020055035
/nfs/slac/g/ki/ki18/anja/SUBARU/Zw2089/W-S-I+_2009-03-28/SCIENCE/SUPA0108426_4OCF.fits   62.424   1.0500000000000007  56.068178905549146  7.208765859284891
/nfs/slac/g/ki/ki18/anja/SUBARU/Zw2089/W-S-I+_2009-03-28/SCIENCE/SUPA0108426_5OCF.fits   65.1318  1.0500000000000007  53.73719135660308   6.909067460134681
/nfs/slac/g/ki/ki18/anja/SUBARU/Zw2089/W-S-I+_2009-03-28/SCIENCE/SUPA0108426_6OCF.fits   65.5791  1.0500000000000007  53.37066229942162   6.861942295639922
/nfs/slac/g/ki/ki18/anja/SUBARU/Zw2089/W-S-I+_2009-03-28/SCIENCE/SUPA0108426_7OCF.fits   62.9224  1.0500000000000007  55.62407028339669   7.15166617929386
/nfs/slac/g/ki/ki18/anja/SUBARU/Zw2089/W-S-I+_2009-03-28/SCIENCE/SUPA0108426_8OCF.fits   62.2646  1.0500000000000007  56.211715806413274  7.227220603681706
/nfs/slac/g/ki/ki18/anja/SUBARU/Zw2089/W-S-I+_2009-03-28/SCIENCE/SUPA0108426_9OCF.fits   62.3938  1.0500000000000007  56.09531716292324   7.212255063804417
/nfs/slac/g/ki/ki18/anja/SUBARU/Zw2089/W-S-I+_2009-03-28/SCIENCE/SUPA0108427_10OCF.fits  65.5034  0.9900000000000007  53.43234091665471   6.869872403569891
/nfs/slac/g/ki/ki18/anja/SUBARU/Zw2089/W-S-I+_2009-03-28/SCIENCE/SUPA0108427_1OCF.fits   64.1502  0.9900000000000007  54.55945577722283   7.014787171357221
/nfs/slac/g/ki/ki18/anja/SUBARU/Zw2089/W-S-I+_2009-03-28/SCIENCE/SUPA0108427_2OCF.fits   60.8913  0.9900000000000007  57.47947572149059   7.39021830704879
/nfs/slac/g/ki/ki18/anja/SUBARU/Zw2089/W-S-I+_2009-03-28/SCIENCE/SUPA0108427_3OCF.fits   61.3669  0.9900000000000007  57.03400367298983   7.332943329384407
/nfs/slac/g/ki/ki18/anja/SUBARU/Zw2089/W-S-I+_2009-03-28/SCIENCE/SUPA0108427_4OCF.fits   61.9886  0.9900000000000007  56.46199462481811   7.259399308905186
/nfs/slac/g/ki/ki18/anja/SUBARU/Zw2089/W-S-I+_2009-03-28/SCIENCE/SUPA0108427_5OCF.fits   64.7586  0.9900000000000007  54.046875627329804  6.948884009228117
/nfs/slac/g/ki/ki18/anja/SUBARU/Zw2089/W-S-I+_2009-03-28/SCIENCE/SUPA0108427_6OCF.fits   65.1746  0.9900000000000007  53.70190227481258   6.904530292475903
/nfs/slac/g/ki/ki18/anja/SUBARU/Zw2089/W-S-I+_2009-03-28/SCIENCE/SUPA0108427_7OCF.fits   62.6805  0.9900000000000007  55.8387377254489    7.1792662789862876
/nfs/slac/g/ki/ki18/anja/SUBARU/Zw2089/W-S-I+_2009-03-28/SCIENCE/SUPA0108427_8OCF.fits   61.9701  0.9900000000000007  56.47885028424998   7.261566465117855
/nfs/slac/g/ki/ki18/anja/SUBARU/Zw2089/W-S-I+_2009-03-28/SCIENCE/SUPA0108427_9OCF.fits   62.1594  0.9900000000000007  56.30684980871759   7.23945211826369
/nfs/slac/g/ki/ki18/anja/SUBARU/Zw2089/W-S-I+_2009-03-28/SCIENCE/SUPA0108428_10OCF.fits  65.9413  0.9000000000000006  53.077509845878076  6.82425126589861
/nfs/slac/g/ki/ki18/anja/SUBARU/Zw2089/W-S-I+_2009-03-28/SCIENCE/SUPA0108428_1OCF.fits   64.4744  0.9000000000000006  54.28511161018947   6.979514349881503
/nfs/slac/g/ki/ki18/anja/SUBARU/Zw2089/W-S-I+_2009-03-28/SCIENCE/SUPA0108428_2OCF.fits   61.3058  0.9000000000000006  57.0908462168343    7.340251656450124
/nfs/slac/g/ki/ki18/anja/SUBARU/Zw2089/W-S-I+_2009-03-28/SCIENCE/SUPA0108428_3OCF.fits   61.8077  0.9000000000000006  56.62724870849425   7.28064626252069
/nfs/slac/g/ki/ki18/anja/SUBARU/Zw2089/W-S-I+_2009-03-28/SCIENCE/SUPA0108428_4OCF.fits   62.5249  0.9000000000000006  55.97769848492361   7.197132662347321
/nfs/slac/g/ki/ki18/anja/SUBARU/Zw2089/W-S-I+_2009-03-28/SCIENCE/SUPA0108428_5OCF.fits   65.2282  0.9000000000000006  53.65777378495804   6.898856629494605
/nfs/slac/g/ki/ki18/anja/SUBARU/Zw2089/W-S-I+_2009-03-28/SCIENCE/SUPA0108428_6OCF.fits   65.6678  0.9000000000000006  53.298572511946496  6.852673608678835
/nfs/slac/g/ki/ki18/anja/SUBARU/Zw2089/W-S-I+_2009-03-28/SCIENCE/SUPA0108428_7OCF.fits   63.0984  0.9000000000000006  55.468918387787966  7.1317180784298815
/nfs/slac/g/ki/ki18/anja/SUBARU/Zw2089/W-S-I+_2009-03-28/SCIENCE/SUPA0108428_8OCF.fits   62.3928  0.9000000000000006  56.09621623007783   7.212370658152864
/nfs/slac/g/ki/ki18/anja/SUBARU/Zw2089/W-S-I+_2009-03-28/SCIENCE/SUPA0108428_9OCF.fits   62.5782  0.9000000000000006  55.93002035852741   7.191002617524952
