#files                                                                                          rms      seeing              dt                  ft
/nfs/slac/g/ki/ki18/anja/SUBARU/MACS1115+01/W-S-Z+_2010-03-12/SCIENCE/SUPA0120021_10OCFSF.fits  73.7449  0.6132071063518525  50.107816781852605  6.102116892151186
/nfs/slac/g/ki/ki18/anja/SUBARU/MACS1115+01/W-S-Z+_2010-03-12/SCIENCE/SUPA0120021_1OCFSF.fits   73.6199  0.6132071063518525  50.19289536926894   6.112477740393562
/nfs/slac/g/ki/ki18/anja/SUBARU/MACS1115+01/W-S-Z+_2010-03-12/SCIENCE/SUPA0120021_2OCFSF.fits   70.4547  0.6132071063518525  52.447827296064595  6.387082763818453
/nfs/slac/g/ki/ki18/anja/SUBARU/MACS1115+01/W-S-Z+_2010-03-12/SCIENCE/SUPA0120021_3OCFSF.fits   71.2611  0.6132071063518525  51.85432076962105   6.314805693428814
/nfs/slac/g/ki/ki18/anja/SUBARU/MACS1115+01/W-S-Z+_2010-03-12/SCIENCE/SUPA0120021_4OCFSF.fits   72.0206  0.6132071063518525  51.30748616084901   6.248212317031516
/nfs/slac/g/ki/ki18/anja/SUBARU/MACS1115+01/W-S-Z+_2010-03-12/SCIENCE/SUPA0120021_5OCFSF.fits   74.0658  0.6132071063518525  49.89071795344198   6.075678653305575
/nfs/slac/g/ki/ki18/anja/SUBARU/MACS1115+01/W-S-Z+_2010-03-12/SCIENCE/SUPA0120021_6OCFSF.fits   73.5018  0.6132071063518525  50.27354347507193   6.122299045737655
/nfs/slac/g/ki/ki18/anja/SUBARU/MACS1115+01/W-S-Z+_2010-03-12/SCIENCE/SUPA0120021_7OCFSF.fits   70.9011  0.6132071063518525  52.117610838139925  6.346869089478161
/nfs/slac/g/ki/ki18/anja/SUBARU/MACS1115+01/W-S-Z+_2010-03-12/SCIENCE/SUPA0120021_8OCFSF.fits   69.7495  0.6132071063518525  52.978099309615736  6.4516591516785065
/nfs/slac/g/ki/ki18/anja/SUBARU/MACS1115+01/W-S-Z+_2010-03-12/SCIENCE/SUPA0120021_9OCFSF.fits   70.6606  0.6132071063518525  52.29499802996355   6.368471255551184
/nfs/slac/g/ki/ki18/anja/SUBARU/MACS1115+01/W-S-Z+_2010-03-12/SCIENCE/SUPA0120022_10OCFSF.fits  74.1904  0.5225248546600342  70.03792085126258   7.444710061945489
/nfs/slac/g/ki/ki18/anja/SUBARU/MACS1115+01/W-S-Z+_2010-03-12/SCIENCE/SUPA0120022_1OCFSF.fits   73.9342  0.5225248546600342  70.28061929558325   7.470507794495113
/nfs/slac/g/ki/ki18/anja/SUBARU/MACS1115+01/W-S-Z+_2010-03-12/SCIENCE/SUPA0120022_2OCFSF.fits   70.9537  0.5225248546600342  73.23284568843502   7.78431593249909
/nfs/slac/g/ki/ki18/anja/SUBARU/MACS1115+01/W-S-Z+_2010-03-12/SCIENCE/SUPA0120022_3OCFSF.fits   71.8686  0.5225248546600342  72.30057859932587   7.685220212718219
/nfs/slac/g/ki/ki18/anja/SUBARU/MACS1115+01/W-S-Z+_2010-03-12/SCIENCE/SUPA0120022_4OCFSF.fits   72.5032  0.5225248546600342  71.66775208712872   7.617953654180237
/nfs/slac/g/ki/ki18/anja/SUBARU/MACS1115+01/W-S-Z+_2010-03-12/SCIENCE/SUPA0120022_5OCFSF.fits   74.4268  0.5225248546600342  69.81546113931422   7.421063613910052
/nfs/slac/g/ki/ki18/anja/SUBARU/MACS1115+01/W-S-Z+_2010-03-12/SCIENCE/SUPA0120022_6OCFSF.fits   73.9615  0.5225248546600342  70.25467794898037   7.467750348218473
/nfs/slac/g/ki/ki18/anja/SUBARU/MACS1115+01/W-S-Z+_2010-03-12/SCIENCE/SUPA0120022_7OCFSF.fits   71.4085  0.5225248546600342  72.7664264495615    7.734737704611645
/nfs/slac/g/ki/ki18/anja/SUBARU/MACS1115+01/W-S-Z+_2010-03-12/SCIENCE/SUPA0120022_8OCFSF.fits   70.3286  0.5225248546600342  73.8837594253762    7.853505080148911
/nfs/slac/g/ki/ki18/anja/SUBARU/MACS1115+01/W-S-Z+_2010-03-12/SCIENCE/SUPA0120022_9OCFSF.fits   71.0556  0.5225248546600342  73.12782332600825   7.773152536601769
/nfs/slac/g/ki/ki18/anja/SUBARU/MACS1115+01/W-S-Z+_2010-03-12/SCIENCE/SUPA0120023_10OCFSF.fits  73.9906  0.5447953779697419  65.24513036058936   6.081853640867894
/nfs/slac/g/ki/ki18/anja/SUBARU/MACS1115+01/W-S-Z+_2010-03-12/SCIENCE/SUPA0120023_1OCFSF.fits   73.9312  0.5447953779697419  65.29755154059751   6.086740104313199
/nfs/slac/g/ki/ki18/anja/SUBARU/MACS1115+01/W-S-Z+_2010-03-12/SCIENCE/SUPA0120023_2OCFSF.fits   71.1373  0.5447953779697419  67.86209685296213   6.32579532818929
/nfs/slac/g/ki/ki18/anja/SUBARU/MACS1115+01/W-S-Z+_2010-03-12/SCIENCE/SUPA0120023_3OCFSF.fits   71.8981  0.5447953779697419  67.14400439591898   6.258858022673756
/nfs/slac/g/ki/ki18/anja/SUBARU/MACS1115+01/W-S-Z+_2010-03-12/SCIENCE/SUPA0120023_4OCFSF.fits   72.4483  0.5447953779697419  66.63408723818533   6.211325869620129
/nfs/slac/g/ki/ki18/anja/SUBARU/MACS1115+01/W-S-Z+_2010-03-12/SCIENCE/SUPA0120023_5OCFSF.fits   74.408   0.5447953779697419  64.87913050287902   6.047736802494355
/nfs/slac/g/ki/ki18/anja/SUBARU/MACS1115+01/W-S-Z+_2010-03-12/SCIENCE/SUPA0120023_6OCFSF.fits   74.0542  0.5447953779697419  65.1890958576046    6.076630359925568
/nfs/slac/g/ki/ki18/anja/SUBARU/MACS1115+01/W-S-Z+_2010-03-12/SCIENCE/SUPA0120023_7OCFSF.fits   71.6168  0.5447953779697419  67.40773592869581   6.283441873973705
/nfs/slac/g/ki/ki18/anja/SUBARU/MACS1115+01/W-S-Z+_2010-03-12/SCIENCE/SUPA0120023_8OCFSF.fits   69.973   0.5447953779697419  68.9912729546857    6.431051977191203
/nfs/slac/g/ki/ki18/anja/SUBARU/MACS1115+01/W-S-Z+_2010-03-12/SCIENCE/SUPA0120023_9OCFSF.fits   71.1595  0.5447953779697419  67.84092556100342   6.32382183685945
/nfs/slac/g/ki/ki18/anja/SUBARU/MACS1115+01/W-S-Z+_2010-03-12/SCIENCE/SUPA0120024_10OCFSF.fits  74.5277  0.5714030961990357  58.865675079767925  6.0380234463159335
/nfs/slac/g/ki/ki18/anja/SUBARU/MACS1115+01/W-S-Z+_2010-03-12/SCIENCE/SUPA0120024_1OCFSF.fits   74.5539  0.5714030961990357  58.8449882922613    6.035901542374041
/nfs/slac/g/ki/ki18/anja/SUBARU/MACS1115+01/W-S-Z+_2010-03-12/SCIENCE/SUPA0120024_2OCFSF.fits   71.5611  0.5714030961990357  61.30598010151353   6.2883326276426725
/nfs/slac/g/ki/ki18/anja/SUBARU/MACS1115+01/W-S-Z+_2010-03-12/SCIENCE/SUPA0120024_3OCFSF.fits   72.1556  0.5714030961990357  60.800871625243495  6.236522182616456
/nfs/slac/g/ki/ki18/anja/SUBARU/MACS1115+01/W-S-Z+_2010-03-12/SCIENCE/SUPA0120024_4OCFSF.fits   72.9527  0.5714030961990357  60.13654563357381   6.168380334106894
/nfs/slac/g/ki/ki18/anja/SUBARU/MACS1115+01/W-S-Z+_2010-03-12/SCIENCE/SUPA0120024_5OCFSF.fits   74.6445  0.5714030961990357  58.77356499999893   6.028575447621727
/nfs/slac/g/ki/ki18/anja/SUBARU/MACS1115+01/W-S-Z+_2010-03-12/SCIENCE/SUPA0120024_6OCFSF.fits   74.3719  0.5714030961990357  58.988991442230464  6.050672364159044
/nfs/slac/g/ki/ki18/anja/SUBARU/MACS1115+01/W-S-Z+_2010-03-12/SCIENCE/SUPA0120024_7OCFSF.fits   72.3813  0.5714030961990357  60.61128181785102   6.217075404835227
/nfs/slac/g/ki/ki18/anja/SUBARU/MACS1115+01/W-S-Z+_2010-03-12/SCIENCE/SUPA0120024_8OCFSF.fits   70.5516  0.5714030961990357  62.18318752009055   6.378310343068053
/nfs/slac/g/ki/ki18/anja/SUBARU/MACS1115+01/W-S-Z+_2010-03-12/SCIENCE/SUPA0120024_9OCFSF.fits   71.4641  0.5714030961990357  61.38919223277729   6.296867937887694
/nfs/slac/g/ki/ki18/anja/SUBARU/MACS1115+01/W-S-Z+_2010-03-12/SCIENCE/SUPA0120025_10OCFSF.fits  74.9299  0.5981695997714996  52.63709461059028   6.005613246514408
/nfs/slac/g/ki/ki18/anja/SUBARU/MACS1115+01/W-S-Z+_2010-03-12/SCIENCE/SUPA0120025_1OCFSF.fits   75.0493  0.5981695997714996  52.553351403171895  5.996058590819635
/nfs/slac/g/ki/ki18/anja/SUBARU/MACS1115+01/W-S-Z+_2010-03-12/SCIENCE/SUPA0120025_2OCFSF.fits   72.0079  0.5981695997714996  54.773049005207326  6.249314311346393
/nfs/slac/g/ki/ki18/anja/SUBARU/MACS1115+01/W-S-Z+_2010-03-12/SCIENCE/SUPA0120025_3OCFSF.fits   72.623   0.5981695997714996  54.309133958416325  6.196384065654131
/nfs/slac/g/ki/ki18/anja/SUBARU/MACS1115+01/W-S-Z+_2010-03-12/SCIENCE/SUPA0120025_4OCFSF.fits   73.6949  0.5981695997714996  53.51920194561725   6.106257013714653
/nfs/slac/g/ki/ki18/anja/SUBARU/MACS1115+01/W-S-Z+_2010-03-12/SCIENCE/SUPA0120025_5OCFSF.fits   75.1848  0.5981695997714996  52.45863838783995   5.98525233823858
/nfs/slac/g/ki/ki18/anja/SUBARU/MACS1115+01/W-S-Z+_2010-03-12/SCIENCE/SUPA0120025_6OCFSF.fits   75.0649  0.5981695997714996  52.54242975694458   5.994812488926249
/nfs/slac/g/ki/ki18/anja/SUBARU/MACS1115+01/W-S-Z+_2010-03-12/SCIENCE/SUPA0120025_7OCFSF.fits   72.7481  0.5981695997714996  54.21574220442966   6.185728561983063
/nfs/slac/g/ki/ki18/anja/SUBARU/MACS1115+01/W-S-Z+_2010-03-12/SCIENCE/SUPA0120025_8OCFSF.fits   71.1149  0.5981695997714996  55.460842038195494  6.327787847553747
/nfs/slac/g/ki/ki18/anja/SUBARU/MACS1115+01/W-S-Z+_2010-03-12/SCIENCE/SUPA0120025_9OCFSF.fits   71.9789  0.5981695997714996  54.795116839269134  6.251832134139311
/nfs/slac/g/ki/ki18/anja/SUBARU/MACS1115+01/W-S-Z+_2010-03-12/SCIENCE/SUPA0120026_10OCFSF.fits  76.3845  0.610587653875351   48.94386072241558   5.8912475698603775
/nfs/slac/g/ki/ki18/anja/SUBARU/MACS1115+01/W-S-Z+_2010-03-12/SCIENCE/SUPA0120026_1OCFSF.fits   76.3841  0.610587653875351   48.944117026336016  5.89127842050898
/nfs/slac/g/ki/ki18/anja/SUBARU/MACS1115+01/W-S-Z+_2010-03-12/SCIENCE/SUPA0120026_2OCFSF.fits   73.4758  0.610587653875351   50.88141033308045   6.1244654702636785
/nfs/slac/g/ki/ki18/anja/SUBARU/MACS1115+01/W-S-Z+_2010-03-12/SCIENCE/SUPA0120026_3OCFSF.fits   73.8561  0.610587653875351   50.61941165795856   6.092929358577017
/nfs/slac/g/ki/ki18/anja/SUBARU/MACS1115+01/W-S-Z+_2010-03-12/SCIENCE/SUPA0120026_4OCFSF.fits   75.0856  0.610587653875351   49.790536792026074  5.993159806940345
/nfs/slac/g/ki/ki18/anja/SUBARU/MACS1115+01/W-S-Z+_2010-03-12/SCIENCE/SUPA0120026_5OCFSF.fits   76.687   0.610587653875351   48.750796475952285  5.868008919373557
/nfs/slac/g/ki/ki18/anja/SUBARU/MACS1115+01/W-S-Z+_2010-03-12/SCIENCE/SUPA0120026_6OCFSF.fits   76.3159  0.610587653875351   48.98785612632955   5.8965431843167675
/nfs/slac/g/ki/ki18/anja/SUBARU/MACS1115+01/W-S-Z+_2010-03-12/SCIENCE/SUPA0120026_7OCFSF.fits   74.2564  0.610587653875351   50.346533488714144  6.060083709956314
/nfs/slac/g/ki/ki18/anja/SUBARU/MACS1115+01/W-S-Z+_2010-03-12/SCIENCE/SUPA0120026_8OCFSF.fits   72.6943  0.610587653875351   51.4284108843658    6.19030653022314
/nfs/slac/g/ki/ki18/anja/SUBARU/MACS1115+01/W-S-Z+_2010-03-12/SCIENCE/SUPA0120026_9OCFSF.fits   73.3967  0.610587653875351   50.93624548993828   6.131065838109888
/nfs/slac/g/ki/ki18/anja/SUBARU/MACS1115+01/W-S-Z+_2010-03-12/SCIENCE/SUPA0120027_10OCFSF.fits  76.9324  0.6461154289245605  45.49448606828852   5.84929106592281
/nfs/slac/g/ki/ki18/anja/SUBARU/MACS1115+01/W-S-Z+_2010-03-12/SCIENCE/SUPA0120027_1OCFSF.fits   76.456   0.6461154289245605  45.77796379617035   5.885738202364759
/nfs/slac/g/ki/ki18/anja/SUBARU/MACS1115+01/W-S-Z+_2010-03-12/SCIENCE/SUPA0120027_2OCFSF.fits   73.533   0.6461154289245605  47.597677233351014  6.1197013585737015
/nfs/slac/g/ki/ki18/anja/SUBARU/MACS1115+01/W-S-Z+_2010-03-12/SCIENCE/SUPA0120027_3OCFSF.fits   74.2048  0.6461154289245605  47.16676010177239   6.064297727370736
/nfs/slac/g/ki/ki18/anja/SUBARU/MACS1115+01/W-S-Z+_2010-03-12/SCIENCE/SUPA0120027_4OCFSF.fits   75.3257  0.6461154289245605  46.46488515871741   5.974056663263667
/nfs/slac/g/ki/ki18/anja/SUBARU/MACS1115+01/W-S-Z+_2010-03-12/SCIENCE/SUPA0120027_5OCFSF.fits   77.153   0.6461154289245605  45.36440579109043   5.832566458854483
/nfs/slac/g/ki/ki18/anja/SUBARU/MACS1115+01/W-S-Z+_2010-03-12/SCIENCE/SUPA0120027_6OCFSF.fits   76.6627  0.6461154289245605  45.65453603903854   5.869868919304955
/nfs/slac/g/ki/ki18/anja/SUBARU/MACS1115+01/W-S-Z+_2010-03-12/SCIENCE/SUPA0120027_7OCFSF.fits   74.4471  0.6461154289245605  47.01324833338034   6.044560500006044
/nfs/slac/g/ki/ki18/anja/SUBARU/MACS1115+01/W-S-Z+_2010-03-12/SCIENCE/SUPA0120027_8OCFSF.fits   73.0195  0.6461154289245605  47.93240161874568   6.162737350981588
/nfs/slac/g/ki/ki18/anja/SUBARU/MACS1115+01/W-S-Z+_2010-03-12/SCIENCE/SUPA0120027_9OCFSF.fits   73.6697  0.6461154289245605  47.50935594959664   6.108345764948139
/nfs/slac/g/ki/ki18/anja/SUBARU/MACS1115+01/W-S-Z+_2010-03-12/SCIENCE/SUPA0120028_10OCFSF.fits  77.7925  0.642488626241684   44.99148375486069   5.78461933991066
/nfs/slac/g/ki/ki18/anja/SUBARU/MACS1115+01/W-S-Z+_2010-03-12/SCIENCE/SUPA0120028_1OCFSF.fits   77.8139  0.642488626241684   44.97911041600536   5.783028482057833
/nfs/slac/g/ki/ki18/anja/SUBARU/MACS1115+01/W-S-Z+_2010-03-12/SCIENCE/SUPA0120028_2OCFSF.fits   74.4792  0.642488626241684   46.992985961181105  6.041955337866142
/nfs/slac/g/ki/ki18/anja/SUBARU/MACS1115+01/W-S-Z+_2010-03-12/SCIENCE/SUPA0120028_3OCFSF.fits   75.2279  0.642488626241684   46.525291813276716  5.981823233135578
/nfs/slac/g/ki/ki18/anja/SUBARU/MACS1115+01/W-S-Z+_2010-03-12/SCIENCE/SUPA0120028_4OCFSF.fits   76.4095  0.642488626241684   45.80582257441811   5.889320045282328
/nfs/slac/g/ki/ki18/anja/SUBARU/MACS1115+01/W-S-Z+_2010-03-12/SCIENCE/SUPA0120028_5OCFSF.fits   78.1116  0.642488626241684   44.80768541420225   5.760988124683146
/nfs/slac/g/ki/ki18/anja/SUBARU/MACS1115+01/W-S-Z+_2010-03-12/SCIENCE/SUPA0120028_6OCFSF.fits   77.8818  0.642488626241684   44.93989609896022   5.777986641294885
/nfs/slac/g/ki/ki18/anja/SUBARU/MACS1115+01/W-S-Z+_2010-03-12/SCIENCE/SUPA0120028_7OCFSF.fits   75.2661  0.642488626241684   46.50167871060145   5.978787262791616
/nfs/slac/g/ki/ki18/anja/SUBARU/MACS1115+01/W-S-Z+_2010-03-12/SCIENCE/SUPA0120028_8OCFSF.fits   74.0041  0.642488626241684   47.29467691654922   6.0807441749849
/nfs/slac/g/ki/ki18/anja/SUBARU/MACS1115+01/W-S-Z+_2010-03-12/SCIENCE/SUPA0120028_9OCFSF.fits   74.7372  0.642488626241684   46.830761655507565  6.021097927136687
/nfs/slac/g/ki/ki18/anja/SUBARU/MACS1115+01/W-S-Z+_2010-03-12/SCIENCE/SUPA0120029_10OCFSF.fits  78.2086  0.6227877814769746  45.22033992844214   5.753842927759862
/nfs/slac/g/ki/ki18/anja/SUBARU/MACS1115+01/W-S-Z+_2010-03-12/SCIENCE/SUPA0120029_1OCFSF.fits   78.1062  0.6227877814769746  45.279625398848744  5.761386420028115
/nfs/slac/g/ki/ki18/anja/SUBARU/MACS1115+01/W-S-Z+_2010-03-12/SCIENCE/SUPA0120029_2OCFSF.fits   74.8676  0.6227877814769746  47.23831774128675   6.0106107314779695
/nfs/slac/g/ki/ki18/anja/SUBARU/MACS1115+01/W-S-Z+_2010-03-12/SCIENCE/SUPA0120029_3OCFSF.fits   75.5762  0.6227877814769746  46.795412806247995  5.9542554402047205
/nfs/slac/g/ki/ki18/anja/SUBARU/MACS1115+01/W-S-Z+_2010-03-12/SCIENCE/SUPA0120029_4OCFSF.fits   76.6973  0.6227877814769746  46.111394760018406  5.867220880004902
/nfs/slac/g/ki/ki18/anja/SUBARU/MACS1115+01/W-S-Z+_2010-03-12/SCIENCE/SUPA0120029_5OCFSF.fits   78.7772  0.6227877814769746  44.893947453420026  5.7123126996135944
/nfs/slac/g/ki/ki18/anja/SUBARU/MACS1115+01/W-S-Z+_2010-03-12/SCIENCE/SUPA0120029_6OCFSF.fits   78.1081  0.6227877814769746  45.27852396009582   5.7612462727937315
/nfs/slac/g/ki/ki18/anja/SUBARU/MACS1115+01/W-S-Z+_2010-03-12/SCIENCE/SUPA0120029_7OCFSF.fits   75.3168  0.6227877814769746  46.95658176300055   5.974762602765916
/nfs/slac/g/ki/ki18/anja/SUBARU/MACS1115+01/W-S-Z+_2010-03-12/SCIENCE/SUPA0120029_8OCFSF.fits   74.2096  0.6227877814769746  47.65716938681195   6.06390547853647
/nfs/slac/g/ki/ki18/anja/SUBARU/MACS1115+01/W-S-Z+_2010-03-12/SCIENCE/SUPA0120029_9OCFSF.fits   74.8862  0.6227877814769746  47.22658483575825   6.009117834794662
/nfs/slac/g/ki/ki18/anja/SUBARU/MACS1115+01/W-S-Z+_2010-03-12/SCIENCE/SUPA0120030_10OCFSF.fits  78.2029  0.6744318594932557  44.75537352195379   5.754262309965487
/nfs/slac/g/ki/ki18/anja/SUBARU/MACS1115+01/W-S-Z+_2010-03-12/SCIENCE/SUPA0120030_1OCFSF.fits   78.0806  0.6744318594932557  44.82547521407366   5.763275384666613
/nfs/slac/g/ki/ki18/anja/SUBARU/MACS1115+01/W-S-Z+_2010-03-12/SCIENCE/SUPA0120030_2OCFSF.fits   74.5978  0.6744318594932557  46.918273729252064  6.032349479475266
/nfs/slac/g/ki/ki18/anja/SUBARU/MACS1115+01/W-S-Z+_2010-03-12/SCIENCE/SUPA0120030_3OCFSF.fits   75.5372  0.6744318594932557  46.33478603919658   5.957329633610989
/nfs/slac/g/ki/ki18/anja/SUBARU/MACS1115+01/W-S-Z+_2010-03-12/SCIENCE/SUPA0120030_4OCFSF.fits   76.3462  0.6744318594932557  45.84380100122861   5.8942029858722504
/nfs/slac/g/ki/ki18/anja/SUBARU/MACS1115+01/W-S-Z+_2010-03-12/SCIENCE/SUPA0120030_5OCFSF.fits   78.5767  0.6744318594932557  44.54246615090733   5.726888505116657
/nfs/slac/g/ki/ki18/anja/SUBARU/MACS1115+01/W-S-Z+_2010-03-12/SCIENCE/SUPA0120030_6OCFSF.fits   77.9082  0.6744318594932557  44.92466774999294   5.776028710713378
/nfs/slac/g/ki/ki18/anja/SUBARU/MACS1115+01/W-S-Z+_2010-03-12/SCIENCE/SUPA0120030_7OCFSF.fits   75.1095  0.6744318594932557  46.59863266297872   5.991252770954407
/nfs/slac/g/ki/ki18/anja/SUBARU/MACS1115+01/W-S-Z+_2010-03-12/SCIENCE/SUPA0120030_8OCFSF.fits   73.6862  0.6744318594932557  47.498717534626564  6.106977968737701
/nfs/slac/g/ki/ki18/anja/SUBARU/MACS1115+01/W-S-Z+_2010-03-12/SCIENCE/SUPA0120030_9OCFSF.fits   74.7594  0.6744318594932557  46.81685513794921   6.0193099463077555
/nfs/slac/g/ki/ki18/anja/SUBARU/MACS1115+01/W-S-Z+_2010-03-12/SCIENCE/SUPA0120031_10OCFSF.fits  79.7664  0.6810479876995087  43.87812412243751   5.641473101456252
/nfs/slac/g/ki/ki18/anja/SUBARU/MACS1115+01/W-S-Z+_2010-03-12/SCIENCE/SUPA0120031_1OCFSF.fits   79.7679  0.6810479876995087  43.87729901376368   5.641367016055331
/nfs/slac/g/ki/ki18/anja/SUBARU/MACS1115+01/W-S-Z+_2010-03-12/SCIENCE/SUPA0120031_2OCFSF.fits   76.4356  0.6810479876995087  45.79018153844544   5.887309054942985
/nfs/slac/g/ki/ki18/anja/SUBARU/MACS1115+01/W-S-Z+_2010-03-12/SCIENCE/SUPA0120031_3OCFSF.fits   77.3546  0.6810479876995087  45.24617799070772   5.817365741662422
/nfs/slac/g/ki/ki18/anja/SUBARU/MACS1115+01/W-S-Z+_2010-03-12/SCIENCE/SUPA0120031_4OCFSF.fits   78.3472  0.6810479876995087  44.67294300243021   5.743664100312455
/nfs/slac/g/ki/ki18/anja/SUBARU/MACS1115+01/W-S-Z+_2010-03-12/SCIENCE/SUPA0120031_5OCFSF.fits   80.2757  0.6810479876995087  43.59974438092723   5.605681420404929
/nfs/slac/g/ki/ki18/anja/SUBARU/MACS1115+01/W-S-Z+_2010-03-12/SCIENCE/SUPA0120031_6OCFSF.fits   79.979   0.6810479876995087  43.76148739043999   5.626476950199428
/nfs/slac/g/ki/ki18/anja/SUBARU/MACS1115+01/W-S-Z+_2010-03-12/SCIENCE/SUPA0120031_7OCFSF.fits   77.0984  0.6810479876995087  45.39653222375562   5.836697000197151
/nfs/slac/g/ki/ki18/anja/SUBARU/MACS1115+01/W-S-Z+_2010-03-12/SCIENCE/SUPA0120031_8OCFSF.fits   75.5897  0.6810479876995087  46.302604719955234  5.953192035422816
/nfs/slac/g/ki/ki18/anja/SUBARU/MACS1115+01/W-S-Z+_2010-03-12/SCIENCE/SUPA0120031_9OCFSF.fits   76.6523  0.6810479876995087  45.66073033685878   5.8706653290247
/nfs/slac/g/ki/ki18/anja/SUBARU/MACS1115+01/W-S-Z+_2010-03-12/SCIENCE/SUPA0120032_10OCFSF.fits  80.0664  0.7078437969684601  43.713717614380066  5.620335121848865
/nfs/slac/g/ki/ki18/anja/SUBARU/MACS1115+01/W-S-Z+_2010-03-12/SCIENCE/SUPA0120032_1OCFSF.fits   79.6193  0.7078437969684601  43.95919079921577   5.6518959598991705
/nfs/slac/g/ki/ki18/anja/SUBARU/MACS1115+01/W-S-Z+_2010-03-12/SCIENCE/SUPA0120032_2OCFSF.fits   76.7557  0.7078437969684601  45.59921934136487   5.862756772461198
/nfs/slac/g/ki/ki18/anja/SUBARU/MACS1115+01/W-S-Z+_2010-03-12/SCIENCE/SUPA0120032_3OCFSF.fits   77.7437  0.7078437969684601  45.01972507097038   5.78825036626762
/nfs/slac/g/ki/ki18/anja/SUBARU/MACS1115+01/W-S-Z+_2010-03-12/SCIENCE/SUPA0120032_4OCFSF.fits   78.6078  0.7078437969684601  44.52484359058516   5.724622747360949
/nfs/slac/g/ki/ki18/anja/SUBARU/MACS1115+01/W-S-Z+_2010-03-12/SCIENCE/SUPA0120032_5OCFSF.fits   80.3613  0.7078437969684601  43.55330239804483   5.5997103083200495
/nfs/slac/g/ki/ki18/anja/SUBARU/MACS1115+01/W-S-Z+_2010-03-12/SCIENCE/SUPA0120032_6OCFSF.fits   79.8409  0.7078437969684601  43.83718119409976   5.63620901066997
/nfs/slac/g/ki/ki18/anja/SUBARU/MACS1115+01/W-S-Z+_2010-03-12/SCIENCE/SUPA0120032_7OCFSF.fits   77.3692  0.7078437969684601  45.23763978430693   5.816267972268034
/nfs/slac/g/ki/ki18/anja/SUBARU/MACS1115+01/W-S-Z+_2010-03-12/SCIENCE/SUPA0120032_8OCFSF.fits   75.4024  0.7078437969684601  46.41762065928936   5.967979799051489
/nfs/slac/g/ki/ki18/anja/SUBARU/MACS1115+01/W-S-Z+_2010-03-12/SCIENCE/SUPA0120032_9OCFSF.fits   76.6075  0.7078437969684601  45.68743269262148   5.874098489051333
/nfs/slac/g/ki/ki18/anja/SUBARU/MACS1115+01/W-S-Z+_2010-03-12/SCIENCE/SUPA0120033_10OCFSF.fits  79.0508  0.6770206336975098  44.27532675191143   5.692542010960041
/nfs/slac/g/ki/ki18/anja/SUBARU/MACS1115+01/W-S-Z+_2010-03-12/SCIENCE/SUPA0120033_1OCFSF.fits   79.2398  0.6770206336975098  44.16972279081976   5.678964358819684
/nfs/slac/g/ki/ki18/anja/SUBARU/MACS1115+01/W-S-Z+_2010-03-12/SCIENCE/SUPA0120033_2OCFSF.fits   76.1685  0.6770206336975098  45.95075392058397   5.907954075503653
/nfs/slac/g/ki/ki18/anja/SUBARU/MACS1115+01/W-S-Z+_2010-03-12/SCIENCE/SUPA0120033_3OCFSF.fits   76.9004  0.6770206336975098  45.51341735543638   5.851725088556106
/nfs/slac/g/ki/ki18/anja/SUBARU/MACS1115+01/W-S-Z+_2010-03-12/SCIENCE/SUPA0120033_4OCFSF.fits   77.8062  0.6770206336975098  44.983561721302415  5.7836007927388815
/nfs/slac/g/ki/ki18/anja/SUBARU/MACS1115+01/W-S-Z+_2010-03-12/SCIENCE/SUPA0120033_5OCFSF.fits   79.3744  0.6770206336975098  44.09482150416255   5.669334193392328
/nfs/slac/g/ki/ki18/anja/SUBARU/MACS1115+01/W-S-Z+_2010-03-12/SCIENCE/SUPA0120033_6OCFSF.fits   79.1304  0.6770206336975098  44.23078867287415   5.68681568651239
/nfs/slac/g/ki/ki18/anja/SUBARU/MACS1115+01/W-S-Z+_2010-03-12/SCIENCE/SUPA0120033_7OCFSF.fits   77.008   0.6770206336975098  45.44982339497195   5.84354872221068
/nfs/slac/g/ki/ki18/anja/SUBARU/MACS1115+01/W-S-Z+_2010-03-12/SCIENCE/SUPA0120033_8OCFSF.fits   74.8326  0.6770206336975098  46.771059671854246  6.013421957809832
/nfs/slac/g/ki/ki18/anja/SUBARU/MACS1115+01/W-S-Z+_2010-03-12/SCIENCE/SUPA0120033_9OCFSF.fits   76.1095  0.6770206336975098  45.986374894067104  5.912533914951484
/nfs/slac/g/ki/ki18/anja/SUBARU/MACS1115+01/W-S-Z+_2010-03-12/SCIENCE/SUPA0120034_10OCFSF.fits  78.9829  0.713646686077118   44.313389353898124  5.697435774072615
/nfs/slac/g/ki/ki18/anja/SUBARU/MACS1115+01/W-S-Z+_2010-03-12/SCIENCE/SUPA0120034_1OCFSF.fits   79.2503  0.713646686077118   44.16387067304478   5.678211943677185
/nfs/slac/g/ki/ki18/anja/SUBARU/MACS1115+01/W-S-Z+_2010-03-12/SCIENCE/SUPA0120034_2OCFSF.fits   76.1134  0.713646686077118   45.984018582798825  5.912230960645563
/nfs/slac/g/ki/ki18/anja/SUBARU/MACS1115+01/W-S-Z+_2010-03-12/SCIENCE/SUPA0120034_3OCFSF.fits   76.6854  0.713646686077118   45.64102162862813   5.868131352252188
/nfs/slac/g/ki/ki18/anja/SUBARU/MACS1115+01/W-S-Z+_2010-03-12/SCIENCE/SUPA0120034_4OCFSF.fits   77.9518  0.713646686077118   44.89954048527423   5.772798062392401
/nfs/slac/g/ki/ki18/anja/SUBARU/MACS1115+01/W-S-Z+_2010-03-12/SCIENCE/SUPA0120034_5OCFSF.fits   79.2435  0.713646686077118   44.16766043902655   5.678699199303413
/nfs/slac/g/ki/ki18/anja/SUBARU/MACS1115+01/W-S-Z+_2010-03-12/SCIENCE/SUPA0120034_6OCFSF.fits   79.1464  0.713646686077118   44.221847108649285  5.685666056826337
/nfs/slac/g/ki/ki18/anja/SUBARU/MACS1115+01/W-S-Z+_2010-03-12/SCIENCE/SUPA0120034_7OCFSF.fits   76.9057  0.713646686077118   45.51028077242649   5.851321813597692
/nfs/slac/g/ki/ki18/anja/SUBARU/MACS1115+01/W-S-Z+_2010-03-12/SCIENCE/SUPA0120034_8OCFSF.fits   74.9795  0.713646686077118   46.67942570969398   6.001640448389226
/nfs/slac/g/ki/ki18/anja/SUBARU/MACS1115+01/W-S-Z+_2010-03-12/SCIENCE/SUPA0120034_9OCFSF.fits   75.9812  0.713646686077118   46.06402636441646   5.922517675424974
/nfs/slac/g/ki/ki18/anja/SUBARU/MACS1115+01/W-S-Z+_2010-03-12/SCIENCE/SUPA0120035_10OCFSF.fits  78.7947  0.6759563336372376  44.41923124271048   5.711044016919919
/nfs/slac/g/ki/ki18/anja/SUBARU/MACS1115+01/W-S-Z+_2010-03-12/SCIENCE/SUPA0120035_1OCFSF.fits   78.7904  0.6759563336372376  44.42165543010316   5.71135569815612
/nfs/slac/g/ki/ki18/anja/SUBARU/MACS1115+01/W-S-Z+_2010-03-12/SCIENCE/SUPA0120035_2OCFSF.fits   75.8233  0.6759563336372376  46.1599534707669    5.934851160527173
/nfs/slac/g/ki/ki18/anja/SUBARU/MACS1115+01/W-S-Z+_2010-03-12/SCIENCE/SUPA0120035_3OCFSF.fits   76.2965  0.6759563336372376  45.873663929538054  5.8980425052263215
/nfs/slac/g/ki/ki18/anja/SUBARU/MACS1115+01/W-S-Z+_2010-03-12/SCIENCE/SUPA0120035_4OCFSF.fits   77.6087  0.6759563336372376  45.09803668918562   5.798319002895294
/nfs/slac/g/ki/ki18/anja/SUBARU/MACS1115+01/W-S-Z+_2010-03-12/SCIENCE/SUPA0120035_5OCFSF.fits   79.186   0.6759563336372376  44.19973227590735   5.682822721188089
/nfs/slac/g/ki/ki18/anja/SUBARU/MACS1115+01/W-S-Z+_2010-03-12/SCIENCE/SUPA0120035_6OCFSF.fits   78.9434  0.6759563336372376  44.33556193424656   5.70028653440313
/nfs/slac/g/ki/ki18/anja/SUBARU/MACS1115+01/W-S-Z+_2010-03-12/SCIENCE/SUPA0120035_7OCFSF.fits   76.6039  0.6759563336372376  45.68957977335358   5.874374542288317
/nfs/slac/g/ki/ki18/anja/SUBARU/MACS1115+01/W-S-Z+_2010-03-12/SCIENCE/SUPA0120035_8OCFSF.fits   74.869   0.6759563336372376  46.74832039963135   6.01049833709546
/nfs/slac/g/ki/ki18/anja/SUBARU/MACS1115+01/W-S-Z+_2010-03-12/SCIENCE/SUPA0120035_9OCFSF.fits   75.691   0.6759563336372376  46.24063627115509   5.945224663434225
/nfs/slac/g/ki/ki18/anja/SUBARU/MACS1115+01/W-S-Z+_2010-03-12/SCIENCE/SUPA0120036_10OCFSF.fits  79.233   0.678576917886734   44.17351356126866   5.679451743591685
/nfs/slac/g/ki/ki18/anja/SUBARU/MACS1115+01/W-S-Z+_2010-03-12/SCIENCE/SUPA0120036_1OCFSF.fits   79.1512  0.678576917886734   44.21916534430305   5.68532125855325
/nfs/slac/g/ki/ki18/anja/SUBARU/MACS1115+01/W-S-Z+_2010-03-12/SCIENCE/SUPA0120036_2OCFSF.fits   76.1158  0.678576917886734   45.9825686651129    5.912044542657372
/nfs/slac/g/ki/ki18/anja/SUBARU/MACS1115+01/W-S-Z+_2010-03-12/SCIENCE/SUPA0120036_3OCFSF.fits   76.6791  0.678576917886734   45.6447715218358    5.868613481378889
/nfs/slac/g/ki/ki18/anja/SUBARU/MACS1115+01/W-S-Z+_2010-03-12/SCIENCE/SUPA0120036_4OCFSF.fits   77.9557  0.678576917886734   44.897294232493586  5.772509258463461
/nfs/slac/g/ki/ki18/anja/SUBARU/MACS1115+01/W-S-Z+_2010-03-12/SCIENCE/SUPA0120036_5OCFSF.fits   79.6503  0.678576917886734   43.94208182517831   5.649696234665782
/nfs/slac/g/ki/ki18/anja/SUBARU/MACS1115+01/W-S-Z+_2010-03-12/SCIENCE/SUPA0120036_6OCFSF.fits   79.1252  0.678576917886734   44.23369545985349   5.687189416266878
/nfs/slac/g/ki/ki18/anja/SUBARU/MACS1115+01/W-S-Z+_2010-03-12/SCIENCE/SUPA0120036_7OCFSF.fits   76.8639  0.678576917886734   45.53503009865489   5.854503869827058
/nfs/slac/g/ki/ki18/anja/SUBARU/MACS1115+01/W-S-Z+_2010-03-12/SCIENCE/SUPA0120036_8OCFSF.fits   75.2924  0.678576917886734   46.48543544899618   5.976698843442366
/nfs/slac/g/ki/ki18/anja/SUBARU/MACS1115+01/W-S-Z+_2010-03-12/SCIENCE/SUPA0120036_9OCFSF.fits   75.9585  0.678576917886734   46.07779247878776   5.924287604415569
/nfs/slac/g/ki/ki18/anja/SUBARU/MACS1115+01/W-S-Z+_2010-03-12/SCIENCE/SUPA0120037_10OCFSF.fits  80.033   0.5964255135059358  49.64152072399888   5.622680644234253
/nfs/slac/g/ki/ki18/anja/SUBARU/MACS1115+01/W-S-Z+_2010-03-12/SCIENCE/SUPA0120037_1OCFSF.fits   79.9052  0.5964255135059358  49.72091713810619   5.631673533136768
/nfs/slac/g/ki/ki18/anja/SUBARU/MACS1115+01/W-S-Z+_2010-03-12/SCIENCE/SUPA0120037_2OCFSF.fits   76.5717  0.5964255135059358  51.88548547444816   5.876844839542546
/nfs/slac/g/ki/ki18/anja/SUBARU/MACS1115+01/W-S-Z+_2010-03-12/SCIENCE/SUPA0120037_3OCFSF.fits   77.3256  0.5964255135059358  51.379618497674805  5.819547471988579
/nfs/slac/g/ki/ki18/anja/SUBARU/MACS1115+01/W-S-Z+_2010-03-12/SCIENCE/SUPA0120037_4OCFSF.fits   78.6332  0.5964255135059358  50.52522125646422   5.72277358672927
/nfs/slac/g/ki/ki18/anja/SUBARU/MACS1115+01/W-S-Z+_2010-03-12/SCIENCE/SUPA0120037_5OCFSF.fits   80.463   0.5964255135059358  49.376232903369285  5.592632638604079
/nfs/slac/g/ki/ki18/anja/SUBARU/MACS1115+01/W-S-Z+_2010-03-12/SCIENCE/SUPA0120037_6OCFSF.fits   80.0164  0.5964255135059358  49.65181922835571   5.623847111342174
/nfs/slac/g/ki/ki18/anja/SUBARU/MACS1115+01/W-S-Z+_2010-03-12/SCIENCE/SUPA0120037_7OCFSF.fits   77.3086  0.5964255135059358  51.39091676868812   5.820827178347558
/nfs/slac/g/ki/ki18/anja/SUBARU/MACS1115+01/W-S-Z+_2010-03-12/SCIENCE/SUPA0120037_8OCFSF.fits   75.9075  0.5964255135059358  52.33948988049669   5.928267957711689
/nfs/slac/g/ki/ki18/anja/SUBARU/MACS1115+01/W-S-Z+_2010-03-12/SCIENCE/SUPA0120037_9OCFSF.fits   76.6167  0.5964255135059358  51.855011089015875  5.873393137527459
/nfs/slac/g/ki/ki18/anja/SUBARU/MACS1115+01/W-S-Z+_2010-03-12/SCIENCE/SUPA0120038_10OCFSF.fits  80.9817  0.6597794206142427  43.2196409806166    5.556810983222135
/nfs/slac/g/ki/ki18/anja/SUBARU/MACS1115+01/W-S-Z+_2010-03-12/SCIENCE/SUPA0120038_1OCFSF.fits   80.9439  0.6597794206142427  43.23982412510393   5.559405958941934
/nfs/slac/g/ki/ki18/anja/SUBARU/MACS1115+01/W-S-Z+_2010-03-12/SCIENCE/SUPA0120038_2OCFSF.fits   77.7034  0.6597794206142427  45.043074048239845  5.791252377630837
/nfs/slac/g/ki/ki18/anja/SUBARU/MACS1115+01/W-S-Z+_2010-03-12/SCIENCE/SUPA0120038_3OCFSF.fits   78.4364  0.6597794206142427  44.62213972084389   5.7371322498227855
/nfs/slac/g/ki/ki18/anja/SUBARU/MACS1115+01/W-S-Z+_2010-03-12/SCIENCE/SUPA0120038_4OCFSF.fits   79.8303  0.6597794206142427  43.843001967924465  5.636957395876002
/nfs/slac/g/ki/ki18/anja/SUBARU/MACS1115+01/W-S-Z+_2010-03-12/SCIENCE/SUPA0120038_5OCFSF.fits   81.4562  0.6597794206142427  42.967877214994076  5.524441356213524
/nfs/slac/g/ki/ki18/anja/SUBARU/MACS1115+01/W-S-Z+_2010-03-12/SCIENCE/SUPA0120038_6OCFSF.fits   81.0661  0.6597794206142427  43.174643901704904  5.551025644504916
/nfs/slac/g/ki/ki18/anja/SUBARU/MACS1115+01/W-S-Z+_2010-03-12/SCIENCE/SUPA0120038_7OCFSF.fits   78.2843  0.6597794206142427  44.708836893221246  5.748279029128446
/nfs/slac/g/ki/ki18/anja/SUBARU/MACS1115+01/W-S-Z+_2010-03-12/SCIENCE/SUPA0120038_8OCFSF.fits   76.9227  0.6597794206142427  45.500222951092454  5.850028665140459
/nfs/slac/g/ki/ki18/anja/SUBARU/MACS1115+01/W-S-Z+_2010-03-12/SCIENCE/SUPA0120038_9OCFSF.fits   77.6463  0.6597794206142427  45.07619809314804   5.795511183404747
