#files                                                                                  rms      seeing              dt                  ft
/nfs/slac/g/ki/ki18/anja/SUBARU/Zw2701/W-J-V_2010-12-05/SCIENCE/SUPA0127033_10OCF.fits  24.0412  0.6750000000000003  145.58341513734754  18.717867660516113
/nfs/slac/g/ki/ki18/anja/SUBARU/Zw2701/W-J-V_2010-12-05/SCIENCE/SUPA0127033_1OCF.fits   23.7992  0.6750000000000003  147.06376684930586  18.908198594910754
/nfs/slac/g/ki/ki18/anja/SUBARU/Zw2701/W-J-V_2010-12-05/SCIENCE/SUPA0127033_2OCF.fits   22.8237  0.6750000000000003  153.34936929595113  19.716347480908006
/nfs/slac/g/ki/ki18/anja/SUBARU/Zw2701/W-J-V_2010-12-05/SCIENCE/SUPA0127033_3OCF.fits   22.7844  0.6750000000000003  153.613876160882    19.750355506399114
/nfs/slac/g/ki/ki18/anja/SUBARU/Zw2701/W-J-V_2010-12-05/SCIENCE/SUPA0127033_4OCF.fits   22.9859  0.6750000000000003  152.26725949386363  19.577219077782466
/nfs/slac/g/ki/ki18/anja/SUBARU/Zw2701/W-J-V_2010-12-05/SCIENCE/SUPA0127033_5OCF.fits   24.0295  0.6750000000000003  145.6542999230113   18.72698141867288
/nfs/slac/g/ki/ki18/anja/SUBARU/Zw2701/W-J-V_2010-12-05/SCIENCE/SUPA0127033_6OCF.fits   24.1048  0.6750000000000003  145.19929640569512  18.668480966446516
/nfs/slac/g/ki/ki18/anja/SUBARU/Zw2701/W-J-V_2010-12-05/SCIENCE/SUPA0127033_7OCF.fits   23.1663  0.6750000000000003  151.08152790907482  19.424767874023907
/nfs/slac/g/ki/ki18/anja/SUBARU/Zw2701/W-J-V_2010-12-05/SCIENCE/SUPA0127033_8OCF.fits   22.7279  0.6750000000000003  153.9957497173078   19.79945353508243
/nfs/slac/g/ki/ki18/anja/SUBARU/Zw2701/W-J-V_2010-12-05/SCIENCE/SUPA0127033_9OCF.fits   22.7999  0.6750000000000003  153.50944521686498  19.736928670739783
/nfs/slac/g/ki/ki18/anja/SUBARU/Zw2701/W-J-V_2010-12-05/SCIENCE/SUPA0127034_10OCF.fits  24.1732  1.0200000000000007  144.78844340012907  18.615657008588023
/nfs/slac/g/ki/ki18/anja/SUBARU/Zw2701/W-J-V_2010-12-05/SCIENCE/SUPA0127034_1OCF.fits   23.7678  1.0200000000000007  147.25805501560936  18.933178502006918
/nfs/slac/g/ki/ki18/anja/SUBARU/Zw2701/W-J-V_2010-12-05/SCIENCE/SUPA0127034_2OCF.fits   22.7305  1.0200000000000007  153.97813510481512  19.797188799190515
/nfs/slac/g/ki/ki18/anja/SUBARU/Zw2701/W-J-V_2010-12-05/SCIENCE/SUPA0127034_3OCF.fits   22.7418  1.0200000000000007  153.90162608060928  19.787351924649762
/nfs/slac/g/ki/ki18/anja/SUBARU/Zw2701/W-J-V_2010-12-05/SCIENCE/SUPA0127034_4OCF.fits   22.9732  1.0200000000000007  152.35143558581305  19.588041718175962
/nfs/slac/g/ki/ki18/anja/SUBARU/Zw2701/W-J-V_2010-12-05/SCIENCE/SUPA0127034_5OCF.fits   23.938   1.0200000000000007  146.21104520010027  18.798562954298607
/nfs/slac/g/ki/ki18/anja/SUBARU/Zw2701/W-J-V_2010-12-05/SCIENCE/SUPA0127034_6OCF.fits   24.0561  1.0200000000000007  145.49324287810575  18.706274084327884
/nfs/slac/g/ki/ki18/anja/SUBARU/Zw2701/W-J-V_2010-12-05/SCIENCE/SUPA0127034_7OCF.fits   22.9739  1.0200000000000007  152.34679353527264  19.587444883106482
/nfs/slac/g/ki/ki18/anja/SUBARU/Zw2701/W-J-V_2010-12-05/SCIENCE/SUPA0127034_8OCF.fits   22.6362  1.0200000000000007  154.61959162757     19.879661780687574
/nfs/slac/g/ki/ki18/anja/SUBARU/Zw2701/W-J-V_2010-12-05/SCIENCE/SUPA0127034_9OCF.fits   22.7694  1.0200000000000007  153.7150737393168   19.763366623626446
/nfs/slac/g/ki/ki18/anja/SUBARU/Zw2701/W-J-V_2010-12-05/SCIENCE/SUPA0127035_10OCF.fits  24.0852  0.7800000000000005  145.31745636324382  18.683672960988492
/nfs/slac/g/ki/ki18/anja/SUBARU/Zw2701/W-J-V_2010-12-05/SCIENCE/SUPA0127035_1OCF.fits   23.5542  0.7800000000000005  148.59345679326827  19.10487301627735
/nfs/slac/g/ki/ki18/anja/SUBARU/Zw2701/W-J-V_2010-12-05/SCIENCE/SUPA0127035_2OCF.fits   22.6349  0.7800000000000005  154.62847196144008  19.88080353789944
/nfs/slac/g/ki/ki18/anja/SUBARU/Zw2701/W-J-V_2010-12-05/SCIENCE/SUPA0127035_3OCF.fits   22.6306  0.7800000000000005  154.657852641998    19.88458105397117
/nfs/slac/g/ki/ki18/anja/SUBARU/Zw2701/W-J-V_2010-12-05/SCIENCE/SUPA0127035_4OCF.fits   22.87    0.7800000000000005  153.0389156099694   19.676432006996063
/nfs/slac/g/ki/ki18/anja/SUBARU/Zw2701/W-J-V_2010-12-05/SCIENCE/SUPA0127035_5OCF.fits   23.8523  0.7800000000000005  146.73637343149298  18.86610515547767
/nfs/slac/g/ki/ki18/anja/SUBARU/Zw2701/W-J-V_2010-12-05/SCIENCE/SUPA0127035_6OCF.fits   23.9543  0.7800000000000005  146.1115540842354   18.785771239401694
/nfs/slac/g/ki/ki18/anja/SUBARU/Zw2701/W-J-V_2010-12-05/SCIENCE/SUPA0127035_7OCF.fits   22.8968  0.7800000000000005  152.85978826735615  19.653401348660076
/nfs/slac/g/ki/ki18/anja/SUBARU/Zw2701/W-J-V_2010-12-05/SCIENCE/SUPA0127035_8OCF.fits   22.5163  0.7800000000000005  155.44294577705926  19.98552159990762
/nfs/slac/g/ki/ki18/anja/SUBARU/Zw2701/W-J-V_2010-12-05/SCIENCE/SUPA0127035_9OCF.fits   22.6511  0.7800000000000005  154.5178821337595   19.86658484576908
/nfs/slac/g/ki/ki18/anja/SUBARU/Zw2701/W-J-V_2010-12-05/SCIENCE/SUPA0127036_10OCF.fits  24.1881  0.5850000000000002  172.0710390646639   18.604189663512223
/nfs/slac/g/ki/ki18/anja/SUBARU/Zw2701/W-J-V_2010-12-05/SCIENCE/SUPA0127036_1OCF.fits   23.5942  0.5850000000000002  176.4023149757142   19.072483915538562
/nfs/slac/g/ki/ki18/anja/SUBARU/Zw2701/W-J-V_2010-12-05/SCIENCE/SUPA0127036_2OCF.fits   22.6541  0.5850000000000002  183.72265947444376  19.863953986254145
/nfs/slac/g/ki/ki18/anja/SUBARU/Zw2701/W-J-V_2010-12-05/SCIENCE/SUPA0127036_3OCF.fits   22.5906  0.5850000000000002  184.23908616858324  19.91978964702133
/nfs/slac/g/ki/ki18/anja/SUBARU/Zw2701/W-J-V_2010-12-05/SCIENCE/SUPA0127036_4OCF.fits   22.8337  0.5850000000000002  182.27757656446377  19.707712722861384
/nfs/slac/g/ki/ki18/anja/SUBARU/Zw2701/W-J-V_2010-12-05/SCIENCE/SUPA0127036_5OCF.fits   23.9058  0.5850000000000002  174.10300010876006  18.823883743694
/nfs/slac/g/ki/ki18/anja/SUBARU/Zw2701/W-J-V_2010-12-05/SCIENCE/SUPA0127036_6OCF.fits   23.9074  0.5850000000000002  174.09134828546794  18.822623957435773
/nfs/slac/g/ki/ki18/anja/SUBARU/Zw2701/W-J-V_2010-12-05/SCIENCE/SUPA0127036_7OCF.fits   22.923   0.5850000000000002  181.56748680364686  19.630938358853555
/nfs/slac/g/ki/ki18/anja/SUBARU/Zw2701/W-J-V_2010-12-05/SCIENCE/SUPA0127036_8OCF.fits   22.5731  0.5850000000000002  184.38191918699675  19.93523264416496
/nfs/slac/g/ki/ki18/anja/SUBARU/Zw2701/W-J-V_2010-12-05/SCIENCE/SUPA0127036_9OCF.fits   22.6613  0.5850000000000002  183.66428669140765  19.85764276541946
/nfs/slac/g/ki/ki18/anja/SUBARU/Zw2701/W-J-V_2010-12-05/SCIENCE/SUPA0127037_10OCF.fits  24.1797  0.6000000000000003  161.86288498203015  18.610652737627017
/nfs/slac/g/ki/ki18/anja/SUBARU/Zw2701/W-J-V_2010-12-05/SCIENCE/SUPA0127037_1OCF.fits   23.5569  0.6000000000000003  166.14223433473822  19.10268329024617
/nfs/slac/g/ki/ki18/anja/SUBARU/Zw2701/W-J-V_2010-12-05/SCIENCE/SUPA0127037_2OCF.fits   22.57    0.6000000000000003  173.40700044306575  19.937970757642887
/nfs/slac/g/ki/ki18/anja/SUBARU/Zw2701/W-J-V_2010-12-05/SCIENCE/SUPA0127037_3OCF.fits   22.4862  0.6000000000000003  174.05324154370211  20.012274194839502
/nfs/slac/g/ki/ki18/anja/SUBARU/Zw2701/W-J-V_2010-12-05/SCIENCE/SUPA0127037_4OCF.fits   22.7528  0.6000000000000003  172.01381807953283  19.777785591223935
/nfs/slac/g/ki/ki18/anja/SUBARU/Zw2701/W-J-V_2010-12-05/SCIENCE/SUPA0127037_5OCF.fits   23.7982  0.6000000000000003  164.45764805741587  18.908993117126503
/nfs/slac/g/ki/ki18/anja/SUBARU/Zw2701/W-J-V_2010-12-05/SCIENCE/SUPA0127037_6OCF.fits   23.8266  0.6000000000000003  164.26162356357997  18.88645463473597
/nfs/slac/g/ki/ki18/anja/SUBARU/Zw2701/W-J-V_2010-12-05/SCIENCE/SUPA0127037_7OCF.fits   22.9009  0.6000000000000003  170.90140562161287  19.649882755699558
/nfs/slac/g/ki/ki18/anja/SUBARU/Zw2701/W-J-V_2010-12-05/SCIENCE/SUPA0127037_8OCF.fits   22.5064  0.6000000000000003  173.8970248462657   19.9943127288238
/nfs/slac/g/ki/ki18/anja/SUBARU/Zw2701/W-J-V_2010-12-05/SCIENCE/SUPA0127037_9OCF.fits   22.6439  0.6000000000000003  172.8410741965825   19.872901752789936
/nfs/slac/g/ki/ki18/anja/SUBARU/Zw2701/W-J-V_2010-12-05/SCIENCE/SUPA0127038_10OCF.fits  24.42    0.5850000000000002  170.4369983619982   18.427518427518425
/nfs/slac/g/ki/ki18/anja/SUBARU/Zw2701/W-J-V_2010-12-05/SCIENCE/SUPA0127038_1OCF.fits   23.8708  0.5850000000000002  174.3582745446318   18.851483821237665
/nfs/slac/g/ki/ki18/anja/SUBARU/Zw2701/W-J-V_2010-12-05/SCIENCE/SUPA0127038_2OCF.fits   22.8196  0.5850000000000002  182.39020403512754  19.719889919192273
/nfs/slac/g/ki/ki18/anja/SUBARU/Zw2701/W-J-V_2010-12-05/SCIENCE/SUPA0127038_3OCF.fits   22.7587  0.5850000000000002  182.87826193939006  19.772658368008717
/nfs/slac/g/ki/ki18/anja/SUBARU/Zw2701/W-J-V_2010-12-05/SCIENCE/SUPA0127038_4OCF.fits   22.9666  0.5850000000000002  181.22279745369346  19.593670808913814
/nfs/slac/g/ki/ki18/anja/SUBARU/Zw2701/W-J-V_2010-12-05/SCIENCE/SUPA0127038_5OCF.fits   24.0457  0.5850000000000002  173.090053523083    18.714364730492353
/nfs/slac/g/ki/ki18/anja/SUBARU/Zw2701/W-J-V_2010-12-05/SCIENCE/SUPA0127038_6OCF.fits   24.1062  0.5850000000000002  172.65564460595184  18.667396769295866
/nfs/slac/g/ki/ki18/anja/SUBARU/Zw2701/W-J-V_2010-12-05/SCIENCE/SUPA0127038_7OCF.fits   23.1902  0.5850000000000002  179.47544652482497  19.404748557580355
/nfs/slac/g/ki/ki18/anja/SUBARU/Zw2701/W-J-V_2010-12-05/SCIENCE/SUPA0127038_8OCF.fits   22.7954  0.5850000000000002  182.58383270308906  19.740824903269957
/nfs/slac/g/ki/ki18/anja/SUBARU/Zw2701/W-J-V_2010-12-05/SCIENCE/SUPA0127038_9OCF.fits   22.9138  0.5850000000000002  181.64038701568472  19.638820274245216
/nfs/slac/g/ki/ki18/anja/SUBARU/Zw2701/W-J-V_2010-12-05/SCIENCE/SUPA0127039_10OCF.fits  24.0464  0.6450000000000002  145.5519329296693   18.71381994810034
/nfs/slac/g/ki/ki18/anja/SUBARU/Zw2701/W-J-V_2010-12-05/SCIENCE/SUPA0127039_1OCF.fits   23.6745  0.6450000000000002  147.83839151830028  19.007793195210038
/nfs/slac/g/ki/ki18/anja/SUBARU/Zw2701/W-J-V_2010-12-05/SCIENCE/SUPA0127039_2OCF.fits   22.6338  0.6450000000000002  154.6359868868683   19.881769742597353
/nfs/slac/g/ki/ki18/anja/SUBARU/Zw2701/W-J-V_2010-12-05/SCIENCE/SUPA0127039_3OCF.fits   22.5869  0.6450000000000002  154.95707688970154  19.923052742961627
/nfs/slac/g/ki/ki18/anja/SUBARU/Zw2701/W-J-V_2010-12-05/SCIENCE/SUPA0127039_4OCF.fits   22.7827  0.6450000000000002  153.6253385244067   19.751829238852288
/nfs/slac/g/ki/ki18/anja/SUBARU/Zw2701/W-J-V_2010-12-05/SCIENCE/SUPA0127039_5OCF.fits   23.8184  0.6450000000000002  146.945218822423    18.8929567057401
/nfs/slac/g/ki/ki18/anja/SUBARU/Zw2701/W-J-V_2010-12-05/SCIENCE/SUPA0127039_6OCF.fits   23.9408  0.6450000000000002  146.19394506449242  18.79636436543474
/nfs/slac/g/ki/ki18/anja/SUBARU/Zw2701/W-J-V_2010-12-05/SCIENCE/SUPA0127039_7OCF.fits   22.9746  0.6450000000000002  152.34215176760424  19.58684808440626
/nfs/slac/g/ki/ki18/anja/SUBARU/Zw2701/W-J-V_2010-12-05/SCIENCE/SUPA0127039_8OCF.fits   22.5652  0.6450000000000002  155.10609256731604  19.942211901512064
/nfs/slac/g/ki/ki18/anja/SUBARU/Zw2701/W-J-V_2010-12-05/SCIENCE/SUPA0127039_9OCF.fits   22.6977  0.6450000000000002  154.2006458804196   19.82579732748252
