#files                                                                                         rms      seeing              dt                  ft
/nfs/slac/g/ki/ki18/anja/SUBARU/MACS1115+01/W-J-V_2009-01-23/SCIENCE/SUPA0105854_10OCFSI.fits  29.8473  0.9671692790985108  117.2635380754708   15.07674060970339
/nfs/slac/g/ki/ki18/anja/SUBARU/MACS1115+01/W-J-V_2009-01-23/SCIENCE/SUPA0105854_1OCFSI.fits   29.6307  0.9671692790985108  118.1207328885244   15.186951371381708
/nfs/slac/g/ki/ki18/anja/SUBARU/MACS1115+01/W-J-V_2009-01-23/SCIENCE/SUPA0105854_2OCFSI.fits   29.4518  0.9671692790985108  118.83823739126302  15.279201950305245
/nfs/slac/g/ki/ki18/anja/SUBARU/MACS1115+01/W-J-V_2009-01-23/SCIENCE/SUPA0105854_3OCFSI.fits   29.8333  0.9671692790985108  117.31856683638752  15.083815736106967
/nfs/slac/g/ki/ki18/anja/SUBARU/MACS1115+01/W-J-V_2009-01-23/SCIENCE/SUPA0105854_4OCFSI.fits   29.8465  0.9671692790985108  117.26668118539862  15.077144723836966
/nfs/slac/g/ki/ki18/anja/SUBARU/MACS1115+01/W-J-V_2009-01-23/SCIENCE/SUPA0105854_5OCFSI.fits   30.0319  0.9671692790985108  116.54274288340065  14.984066942151513
/nfs/slac/g/ki/ki18/anja/SUBARU/MACS1115+01/W-J-V_2009-01-23/SCIENCE/SUPA0105854_6OCFSI.fits   30.0215  0.9671692790985108  116.58311543393901  14.989257698649302
/nfs/slac/g/ki/ki18/anja/SUBARU/MACS1115+01/W-J-V_2009-01-23/SCIENCE/SUPA0105854_7OCFSI.fits   29.6155  0.9671692790985108  118.18135773496986  15.194745994496126
/nfs/slac/g/ki/ki18/anja/SUBARU/MACS1115+01/W-J-V_2009-01-23/SCIENCE/SUPA0105854_8OCFSI.fits   29.7627  0.9671692790985108  117.59685781195927  15.119596004394763
/nfs/slac/g/ki/ki18/anja/SUBARU/MACS1115+01/W-J-V_2009-01-23/SCIENCE/SUPA0105854_9OCFSI.fits   29.8338  0.9671692790985108  117.31660063418002  15.08356293868029
/nfs/slac/g/ki/ki18/anja/SUBARU/MACS1115+01/W-J-V_2009-01-23/SCIENCE/SUPA0105855_10OCFSI.fits  29.8445  1.0940126171112061  117.27453969743169  15.078155103955503
/nfs/slac/g/ki/ki18/anja/SUBARU/MACS1115+01/W-J-V_2009-01-23/SCIENCE/SUPA0105855_1OCFSI.fits   29.7609  1.0940126171112061  117.60397031003767  15.120510468433414
/nfs/slac/g/ki/ki18/anja/SUBARU/MACS1115+01/W-J-V_2009-01-23/SCIENCE/SUPA0105855_2OCFSI.fits   29.4906  1.0940126171112061  118.68188507524431  15.259099509674268
/nfs/slac/g/ki/ki18/anja/SUBARU/MACS1115+01/W-J-V_2009-01-23/SCIENCE/SUPA0105855_3OCFSI.fits   29.8678  1.0940126171112061  117.18305332163736  15.066392569924803
/nfs/slac/g/ki/ki18/anja/SUBARU/MACS1115+01/W-J-V_2009-01-23/SCIENCE/SUPA0105855_4OCFSI.fits   29.8743  1.0940126171112061  117.15755682978346  15.063114449543587
/nfs/slac/g/ki/ki18/anja/SUBARU/MACS1115+01/W-J-V_2009-01-23/SCIENCE/SUPA0105855_5OCFSI.fits   30.0142  1.0940126171112061  116.6114705705966   14.992903359076704
/nfs/slac/g/ki/ki18/anja/SUBARU/MACS1115+01/W-J-V_2009-01-23/SCIENCE/SUPA0105855_6OCFSI.fits   30.1412  1.0940126171112061  116.1201279312038   14.929730734011917
/nfs/slac/g/ki/ki18/anja/SUBARU/MACS1115+01/W-J-V_2009-01-23/SCIENCE/SUPA0105855_7OCFSI.fits   29.786   1.0940126171112061  117.50486805881957  15.107768750419659
/nfs/slac/g/ki/ki18/anja/SUBARU/MACS1115+01/W-J-V_2009-01-23/SCIENCE/SUPA0105855_8OCFSI.fits   29.8674  1.0940126171112061  117.18462269899624  15.066594347013801
/nfs/slac/g/ki/ki18/anja/SUBARU/MACS1115+01/W-J-V_2009-01-23/SCIENCE/SUPA0105855_9OCFSI.fits   29.8501  1.0940126171112061  117.2525385174589   15.075326380816144
/nfs/slac/g/ki/ki18/anja/SUBARU/MACS1115+01/W-J-V_2009-01-23/SCIENCE/SUPA0105856_10OCFSI.fits  29.9493  0.9527623386383057  116.86416710908101  15.025392914024701
/nfs/slac/g/ki/ki18/anja/SUBARU/MACS1115+01/W-J-V_2009-01-23/SCIENCE/SUPA0105856_1OCFSI.fits   29.9027  0.9527623386383057  117.04628679015607  15.048808301591496
/nfs/slac/g/ki/ki18/anja/SUBARU/MACS1115+01/W-J-V_2009-01-23/SCIENCE/SUPA0105856_2OCFSI.fits   29.6368  0.9527623386383057  118.09642066619878  15.183825514225557
/nfs/slac/g/ki/ki18/anja/SUBARU/MACS1115+01/W-J-V_2009-01-23/SCIENCE/SUPA0105856_3OCFSI.fits   30.0607  0.9527623386383057  116.43108776575396  14.969711284168365
/nfs/slac/g/ki/ki18/anja/SUBARU/MACS1115+01/W-J-V_2009-01-23/SCIENCE/SUPA0105856_4OCFSI.fits   30.0119  0.9527623386383057  116.62040723846208  14.994052359230839
/nfs/slac/g/ki/ki18/anja/SUBARU/MACS1115+01/W-J-V_2009-01-23/SCIENCE/SUPA0105856_5OCFSI.fits   30.1563  0.9527623386383057  116.06198373142593  14.922255051183335
/nfs/slac/g/ki/ki18/anja/SUBARU/MACS1115+01/W-J-V_2009-01-23/SCIENCE/SUPA0105856_6OCFSI.fits   30.2691  0.9527623386383057  115.62947031791496  14.866646183731923
/nfs/slac/g/ki/ki18/anja/SUBARU/MACS1115+01/W-J-V_2009-01-23/SCIENCE/SUPA0105856_7OCFSI.fits   29.7853  0.9527623386383057  117.50762960252206  15.108123806038549
/nfs/slac/g/ki/ki18/anja/SUBARU/MACS1115+01/W-J-V_2009-01-23/SCIENCE/SUPA0105856_8OCFSI.fits   29.827   0.9527623386383057  117.34334663224594  15.087001709860193
/nfs/slac/g/ki/ki18/anja/SUBARU/MACS1115+01/W-J-V_2009-01-23/SCIENCE/SUPA0105856_9OCFSI.fits   29.8802  0.9527623386383057  117.13442346436771  15.06014015970442
/nfs/slac/g/ki/ki18/anja/SUBARU/MACS1115+01/W-J-V_2009-01-23/SCIENCE/SUPA0105857_10OCFSI.fits  29.8707  0.876937641620636   117.17167659278155  15.064929847643343
/nfs/slac/g/ki/ki18/anja/SUBARU/MACS1115+01/W-J-V_2009-01-23/SCIENCE/SUPA0105857_1OCFSI.fits   29.8966  0.876937641620636   117.07016851414542  15.051878808961554
/nfs/slac/g/ki/ki18/anja/SUBARU/MACS1115+01/W-J-V_2009-01-23/SCIENCE/SUPA0105857_2OCFSI.fits   29.7877  0.876937641620636   117.49816199303739  15.10690654196195
/nfs/slac/g/ki/ki18/anja/SUBARU/MACS1115+01/W-J-V_2009-01-23/SCIENCE/SUPA0105857_3OCFSI.fits   30.0222  0.876937641620636   116.58039717275882  14.988908207926134
/nfs/slac/g/ki/ki18/anja/SUBARU/MACS1115+01/W-J-V_2009-01-23/SCIENCE/SUPA0105857_4OCFSI.fits   29.8661  0.876937641620636   117.1897234657354   15.067250159880265
/nfs/slac/g/ki/ki18/anja/SUBARU/MACS1115+01/W-J-V_2009-01-23/SCIENCE/SUPA0105857_5OCFSI.fits   29.7804  0.876937641620636   117.52696404346483  15.110609662731193
/nfs/slac/g/ki/ki18/anja/SUBARU/MACS1115+01/W-J-V_2009-01-23/SCIENCE/SUPA0105857_6OCFSI.fits   29.8289  0.876937641620636   117.33587225811209  15.086040718900126
/nfs/slac/g/ki/ki18/anja/SUBARU/MACS1115+01/W-J-V_2009-01-23/SCIENCE/SUPA0105857_7OCFSI.fits   30.0703  0.876937641620636   116.39391692134764  14.96493217560184
/nfs/slac/g/ki/ki18/anja/SUBARU/MACS1115+01/W-J-V_2009-01-23/SCIENCE/SUPA0105857_8OCFSI.fits   30.4938  0.876937641620636   114.77743016613213  14.757098164216988
/nfs/slac/g/ki/ki18/anja/SUBARU/MACS1115+01/W-J-V_2009-01-23/SCIENCE/SUPA0105857_9OCFSI.fits   30.0885  0.876937641620636   116.32351230536584  14.955880153547037
/nfs/slac/g/ki/ki18/anja/SUBARU/MACS1115+01/W-J-V_2009-01-23/SCIENCE/SUPA0105858_10OCFSI.fits  29.925   0.9311854476928711  116.95906432748538  15.037593984962406
/nfs/slac/g/ki/ki18/anja/SUBARU/MACS1115+01/W-J-V_2009-01-23/SCIENCE/SUPA0105858_1OCFSI.fits   29.8512  0.9311854476928711  117.24821782708904  15.074770863482875
/nfs/slac/g/ki/ki18/anja/SUBARU/MACS1115+01/W-J-V_2009-01-23/SCIENCE/SUPA0105858_2OCFSI.fits   29.902   0.9311854476928711  117.04902682094843  15.049160591264798
/nfs/slac/g/ki/ki18/anja/SUBARU/MACS1115+01/W-J-V_2009-01-23/SCIENCE/SUPA0105858_3OCFSI.fits   30.0613  0.9311854476928711  116.42876389244644  14.969412500457398
/nfs/slac/g/ki/ki18/anja/SUBARU/MACS1115+01/W-J-V_2009-01-23/SCIENCE/SUPA0105858_4OCFSI.fits   29.8349  0.9311854476928711  117.31227522130122  15.0830068141673
/nfs/slac/g/ki/ki18/anja/SUBARU/MACS1115+01/W-J-V_2009-01-23/SCIENCE/SUPA0105858_5OCFSI.fits   29.6595  0.9311854476928711  118.00603516579848  15.172204521316946
/nfs/slac/g/ki/ki18/anja/SUBARU/MACS1115+01/W-J-V_2009-01-23/SCIENCE/SUPA0105858_6OCFSI.fits   29.9119  0.9311854476928711  117.0102868757919   15.044179741173245
/nfs/slac/g/ki/ki18/anja/SUBARU/MACS1115+01/W-J-V_2009-01-23/SCIENCE/SUPA0105858_7OCFSI.fits   30.3697  0.9311854476928711  115.24644629350965  14.817400237736955
/nfs/slac/g/ki/ki18/anja/SUBARU/MACS1115+01/W-J-V_2009-01-23/SCIENCE/SUPA0105858_8OCFSI.fits   30.1927  0.9311854476928711  115.92206063054978  14.904264938213542
/nfs/slac/g/ki/ki18/anja/SUBARU/MACS1115+01/W-J-V_2009-01-23/SCIENCE/SUPA0105858_9OCFSI.fits   30.003   0.9311854476928711  116.65500116655001  14.998500149985002
/nfs/slac/g/ki/ki18/anja/SUBARU/MACS1115+01/W-J-V_2009-01-23/SCIENCE/SUPA0105859_10OCFSI.fits  30.0158  0.9322022614479065  116.60525456592862  14.992104158476536
/nfs/slac/g/ki/ki18/anja/SUBARU/MACS1115+01/W-J-V_2009-01-23/SCIENCE/SUPA0105859_1OCFSI.fits   29.9076  0.9322022614479065  117.02711016597789  15.046342735625728
/nfs/slac/g/ki/ki18/anja/SUBARU/MACS1115+01/W-J-V_2009-01-23/SCIENCE/SUPA0105859_2OCFSI.fits   29.969   0.9322022614479065  116.78734692515599  15.015516033234341
/nfs/slac/g/ki/ki18/anja/SUBARU/MACS1115+01/W-J-V_2009-01-23/SCIENCE/SUPA0105859_3OCFSI.fits   30.0293  0.9322022614479065  116.55283339937994  14.985364294205992
/nfs/slac/g/ki/ki18/anja/SUBARU/MACS1115+01/W-J-V_2009-01-23/SCIENCE/SUPA0105859_4OCFSI.fits   29.8506  0.9322022614479065  117.25057452781519  15.075073867861953
/nfs/slac/g/ki/ki18/anja/SUBARU/MACS1115+01/W-J-V_2009-01-23/SCIENCE/SUPA0105859_5OCFSI.fits   29.7673  0.9322022614479065  117.57868533592232  15.117259543190011
/nfs/slac/g/ki/ki18/anja/SUBARU/MACS1115+01/W-J-V_2009-01-23/SCIENCE/SUPA0105859_6OCFSI.fits   29.9302  0.9322022614479065  116.93874414471003  15.034981390034147
/nfs/slac/g/ki/ki18/anja/SUBARU/MACS1115+01/W-J-V_2009-01-23/SCIENCE/SUPA0105859_7OCFSI.fits   30.5441  0.9322022614479065  114.58841478386988  14.732796186497556
/nfs/slac/g/ki/ki18/anja/SUBARU/MACS1115+01/W-J-V_2009-01-23/SCIENCE/SUPA0105859_8OCFSI.fits   30.2761  0.9322022614479065  115.60273615161795  14.86320893377945
/nfs/slac/g/ki/ki18/anja/SUBARU/MACS1115+01/W-J-V_2009-01-23/SCIENCE/SUPA0105859_9OCFSI.fits   30.0689  0.9322022614479065  116.39933619121418  14.965628938870395
