#files                                   rms      seeing              dt                  ft
/nfs/slac/g/ki/ki18/anja/SUBARU//SCIENCE/SUPA0019885_10OCFS.fits  47.9329  0.57597851729393    89.94641207408812   9.388123814749369
/nfs/slac/g/ki/ki18/anja/SUBARU//SCIENCE/SUPA0019885_1OCFS.fits   47.9151  0.57597851729393    89.97982630331687   9.391611412686188
/nfs/slac/g/ki/ki18/anja/SUBARU//SCIENCE/SUPA0019885_2OCFS.fits   45.0863  0.57597851729393    95.62533131585555   9.980858930539876
/nfs/slac/g/ki/ki18/anja/SUBARU//SCIENCE/SUPA0019885_3OCFS.fits   44.9363  0.57597851729393    95.94453426975647   10.014175621935939
/nfs/slac/g/ki/ki18/anja/SUBARU//SCIENCE/SUPA0019885_4OCFS.fits   45.6696  0.57597851729393    94.40398810819578   9.85338168059278
/nfs/slac/g/ki/ki18/anja/SUBARU//SCIENCE/SUPA0019885_5OCFS.fits   48.2399  0.57597851729393    89.37399072771831   9.32837754638795
/nfs/slac/g/ki/ki18/anja/SUBARU//SCIENCE/SUPA0019885_6OCFS.fits   48.6605  0.57597851729393    88.60148118712422   9.247747146042478
/nfs/slac/g/ki/ki18/anja/SUBARU//SCIENCE/SUPA0019885_7OCFS.fits   45.7736  0.57597851729393    94.18949733702523   9.830994284915322
/nfs/slac/g/ki/ki18/anja/SUBARU//SCIENCE/SUPA0019885_8OCFS.fits   44.954   0.57597851729393    95.90675746999284   10.01023268229746
/nfs/slac/g/ki/ki18/anja/SUBARU//SCIENCE/SUPA0019885_9OCFS.fits   46.0556  0.57597851729393    93.61277185198017   9.770798773656189
/nfs/slac/g/ki/ki18/anja/SUBARU//SCIENCE/SUPA0019886_10OCFS.fits  46.8089  0.5958852002620698  85.06721864479402   9.61355639632634
/nfs/slac/g/ki/ki18/anja/SUBARU//SCIENCE/SUPA0019886_1OCFS.fits   46.9168  0.5958852002620698  84.87157970753118   9.591446987006787
/nfs/slac/g/ki/ki18/anja/SUBARU//SCIENCE/SUPA0019886_2OCFS.fits   44.0922  0.5958852002620698  90.30855640730785   10.205886755480561
/nfs/slac/g/ki/ki18/anja/SUBARU//SCIENCE/SUPA0019886_3OCFS.fits   44.1071  0.5958852002620698  90.2780489041968    10.202439063098684
/nfs/slac/g/ki/ki18/anja/SUBARU//SCIENCE/SUPA0019886_4OCFS.fits   44.582   0.5958852002620698  89.31638174201021   10.093759813377597
/nfs/slac/g/ki/ki18/anja/SUBARU//SCIENCE/SUPA0019886_5OCFS.fits   47.1846  0.5958852002620698  84.38988421693304   9.537009956638395
/nfs/slac/g/ki/ki18/anja/SUBARU//SCIENCE/SUPA0019886_6OCFS.fits   47.3966  0.5958852002620698  84.01241715275566   9.494351915538246
/nfs/slac/g/ki/ki18/anja/SUBARU//SCIENCE/SUPA0019886_7OCFS.fits   44.8893  0.5958852002620698  88.70494596312037   10.024660665236482
/nfs/slac/g/ki/ki18/anja/SUBARU//SCIENCE/SUPA0019886_8OCFS.fits   43.9578  0.5958852002620698  90.5846728185282    10.237091028213424
/nfs/slac/g/ki/ki18/anja/SUBARU//SCIENCE/SUPA0019886_9OCFS.fits   44.8414  0.5958852002620698  88.79970141035514   10.03536910087553
/nfs/slac/g/ki/ki18/anja/SUBARU//SCIENCE/SUPA0019887_10OCFS.fits  46.994   0.5653693494796753  95.48010678421198   9.575690513682598
/nfs/slac/g/ki/ki18/anja/SUBARU//SCIENCE/SUPA0019887_1OCFS.fits   47.0736  0.5653693494796753  95.31865288011238   9.559498317528297
/nfs/slac/g/ki/ki18/anja/SUBARU//SCIENCE/SUPA0019887_2OCFS.fits   44.2261  0.5653693494796753  101.45574984493902  10.174987168210626
/nfs/slac/g/ki/ki18/anja/SUBARU//SCIENCE/SUPA0019887_3OCFS.fits   44.3363  0.5653693494796753  101.20357671292503  10.149696749616004
/nfs/slac/g/ki/ki18/anja/SUBARU//SCIENCE/SUPA0019887_4OCFS.fits   44.785   0.5653693494796753  100.18962014552324  10.048007145249526
/nfs/slac/g/ki/ki18/anja/SUBARU//SCIENCE/SUPA0019887_5OCFS.fits   47.2883  0.5653693494796753  94.88588378557186   9.516095947623407
/nfs/slac/g/ki/ki18/anja/SUBARU//SCIENCE/SUPA0019887_6OCFS.fits   47.7379  0.5653693494796753  93.99223967156615   9.426472467368693
/nfs/slac/g/ki/ki18/anja/SUBARU//SCIENCE/SUPA0019887_7OCFS.fits   45.0141  0.5653693494796753  99.67970343108621   9.996867648136917
/nfs/slac/g/ki/ki18/anja/SUBARU//SCIENCE/SUPA0019887_8OCFS.fits   44.0846  0.5653693494796753  101.7813961840928   10.20764620751918
/nfs/slac/g/ki/ki18/anja/SUBARU//SCIENCE/SUPA0019887_9OCFS.fits   45.0037  0.5653693494796753  99.70273862409664   9.999177845377158
/nfs/slac/g/ki/ki18/anja/SUBARU//SCIENCE/SUPA0019888_10OCFS.fits  47.0801  0.6725987966060639  74.34138839976976   9.558178508541825
/nfs/slac/g/ki/ki18/anja/SUBARU//SCIENCE/SUPA0019888_1OCFS.fits   47.0426  0.6725987966060639  74.40064962395786   9.565797808794581
/nfs/slac/g/ki/ki18/anja/SUBARU//SCIENCE/SUPA0019888_2OCFS.fits   44.2483  0.6725987966060639  79.0990840326069    10.169882232763744
/nfs/slac/g/ki/ki18/anja/SUBARU//SCIENCE/SUPA0019888_3OCFS.fits   44.1423  0.6725987966060639  79.28902662525515   10.19430342324709
/nfs/slac/g/ki/ki18/anja/SUBARU//SCIENCE/SUPA0019888_4OCFS.fits   44.9785  0.6725987966060639  77.81495603454985   10.004780061584981
/nfs/slac/g/ki/ki18/anja/SUBARU//SCIENCE/SUPA0019888_5OCFS.fits   47.4697  0.6725987966060639  73.73124329835663   9.479731281217282
/nfs/slac/g/ki/ki18/anja/SUBARU//SCIENCE/SUPA0019888_6OCFS.fits   47.6667  0.6725987966060639  73.4265220793552    9.44055283877424
/nfs/slac/g/ki/ki18/anja/SUBARU//SCIENCE/SUPA0019888_7OCFS.fits   44.9962  0.6725987966060639  77.78434623368196   10.000844515759109
/nfs/slac/g/ki/ki18/anja/SUBARU//SCIENCE/SUPA0019888_8OCFS.fits   44.2247  0.6725987966060639  79.14129434456311   10.175309272872399
/nfs/slac/g/ki/ki18/anja/SUBARU//SCIENCE/SUPA0019888_9OCFS.fits   45.3159  0.6725987966060639  77.23558397825046   9.930289368632202
/nfs/slac/g/ki/ki18/anja/SUBARU//SCIENCE/SUPA0019889_10OCFS.fits  47.0428  0.6934423949718476  74.40033331349325   9.565757140306275
/nfs/slac/g/ki/ki18/anja/SUBARU//SCIENCE/SUPA0019889_1OCFS.fits   47.3851  0.6934423949718476  73.86288094780849   9.496656121861092
/nfs/slac/g/ki/ki18/anja/SUBARU//SCIENCE/SUPA0019889_2OCFS.fits   44.4091  0.6934423949718476  78.81267578041437   10.133058314624705
/nfs/slac/g/ki/ki18/anja/SUBARU//SCIENCE/SUPA0019889_3OCFS.fits   44.4338  0.6934423949718476  78.7688651432018    10.12742551841166
/nfs/slac/g/ki/ki18/anja/SUBARU//SCIENCE/SUPA0019889_4OCFS.fits   44.8405  0.6934423949718476  78.0544373947659    10.035570522184187
/nfs/slac/g/ki/ki18/anja/SUBARU//SCIENCE/SUPA0019889_5OCFS.fits   47.2902  0.6934423949718476  74.01110589509031   9.51571361508304
/nfs/slac/g/ki/ki18/anja/SUBARU//SCIENCE/SUPA0019889_6OCFS.fits   47.9225  0.6934423949718476  73.03458709374512   9.39016119776723
/nfs/slac/g/ki/ki18/anja/SUBARU//SCIENCE/SUPA0019889_7OCFS.fits   45.4886  0.6934423949718476  76.942354787793     9.892588472716241
/nfs/slac/g/ki/ki18/anja/SUBARU//SCIENCE/SUPA0019889_8OCFS.fits   44.2697  0.6934423949718476  79.06084748710744   10.164966105485242
/nfs/slac/g/ki/ki18/anja/SUBARU//SCIENCE/SUPA0019889_9OCFS.fits   45.2433  0.6934423949718476  77.3595206362047    9.946224081797748
/nfs/slac/g/ki/ki18/anja/SUBARU//SCIENCE/SUPA0019890_10OCFS.fits  46.7803  0.7289655466079712  74.81781861168056   9.619433821501786
/nfs/slac/g/ki/ki18/anja/SUBARU//SCIENCE/SUPA0019890_1OCFS.fits   47.2099  0.7289655466079712  74.13699245285417   9.53189902965268
/nfs/slac/g/ki/ki18/anja/SUBARU//SCIENCE/SUPA0019890_2OCFS.fits   44.1539  0.7289655466079712  79.2681960143951    10.1916252018508
/nfs/slac/g/ki/ki18/anja/SUBARU//SCIENCE/SUPA0019890_3OCFS.fits   44.1297  0.7289655466079712  79.31166538634979   10.197214121102116
/nfs/slac/g/ki/ki18/anja/SUBARU//SCIENCE/SUPA0019890_4OCFS.fits   44.8523  0.7289655466079712  78.03390238627674   10.032930306807009
/nfs/slac/g/ki/ki18/anja/SUBARU//SCIENCE/SUPA0019890_5OCFS.fits   47.1384  0.7289655466079712  74.24944418987492   9.546357110126776
/nfs/slac/g/ki/ki18/anja/SUBARU//SCIENCE/SUPA0019890_6OCFS.fits   47.5434  0.7289655466079712  73.61694788340759   9.465036156438117
/nfs/slac/g/ki/ki18/anja/SUBARU//SCIENCE/SUPA0019890_7OCFS.fits   45.037   0.7289655466079712  77.71387969891423   9.991784532717544
/nfs/slac/g/ki/ki18/anja/SUBARU//SCIENCE/SUPA0019890_8OCFS.fits   44.0601  0.7289655466079712  79.43695089207696   10.213322257552752
/nfs/slac/g/ki/ki18/anja/SUBARU//SCIENCE/SUPA0019890_9OCFS.fits   45.1249  0.7289655466079712  77.56249875345985   9.97232126830198
/nfs/slac/g/ki/ki18/anja/SUBARU//SCIENCE/SUPA0019891_10OCFS.fits  49.0046  0.6641528322696686  71.42186651865335   9.182811409541145
/nfs/slac/g/ki/ki18/anja/SUBARU//SCIENCE/SUPA0019891_1OCFS.fits   49.2036  0.6641528322696686  71.13300652797763   9.145672267882837
/nfs/slac/g/ki/ki18/anja/SUBARU//SCIENCE/SUPA0019891_2OCFS.fits   46.3094  0.6641528322696686  75.57860823072637   9.71724962966482
/nfs/slac/g/ki/ki18/anja/SUBARU//SCIENCE/SUPA0019891_3OCFS.fits   46.0147  0.6641528322696686  76.06264954460205   9.779483512877407
/nfs/slac/g/ki/ki18/anja/SUBARU//SCIENCE/SUPA0019891_4OCFS.fits   46.7828  0.6641528322696686  74.81382046393118   9.61891977393401
/nfs/slac/g/ki/ki18/anja/SUBARU//SCIENCE/SUPA0019891_5OCFS.fits   49.1151  0.6641528322696686  71.26118037019165   9.162151761881784
/nfs/slac/g/ki/ki18/anja/SUBARU//SCIENCE/SUPA0019891_6OCFS.fits   49.7691  0.6641528322696686  70.32475974048154   9.041754823776198
/nfs/slac/g/ki/ki18/anja/SUBARU//SCIENCE/SUPA0019891_7OCFS.fits   47.4048  0.6641528322696686  73.83218577021736   9.492709599027947
/nfs/slac/g/ki/ki18/anja/SUBARU//SCIENCE/SUPA0019891_8OCFS.fits   46.0607  0.6641528322696686  75.9866871324144    9.76971691702471
/nfs/slac/g/ki/ki18/anja/SUBARU//SCIENCE/SUPA0019891_9OCFS.fits   47.0394  0.6641528322696686  74.40571095719758   9.56644855163969
/nfs/slac/g/ki/ki18/anja/SUBARU//SCIENCE/SUPA0019892_10OCFS.fits  48.601   0.7784381134510041  72.01497911565606   9.259068743441492
/nfs/slac/g/ki/ki18/anja/SUBARU//SCIENCE/SUPA0019892_1OCFS.fits   48.9456  0.7784381134510041  71.50795985747442   9.193880553103854
/nfs/slac/g/ki/ki18/anja/SUBARU//SCIENCE/SUPA0019892_2OCFS.fits   46.0276  0.7784381134510041  76.04133172270551   9.776742650062136
/nfs/slac/g/ki/ki18/anja/SUBARU//SCIENCE/SUPA0019892_3OCFS.fits   45.8441  0.7784381134510041  76.34570206416966   9.815875979678957
/nfs/slac/g/ki/ki18/anja/SUBARU//SCIENCE/SUPA0019892_4OCFS.fits   46.3306  0.7784381134510041  75.54402489931061   9.712803201339936
/nfs/slac/g/ki/ki18/anja/SUBARU//SCIENCE/SUPA0019892_5OCFS.fits   48.6472  0.7784381134510041  71.94658685391965   9.250275452646813
/nfs/slac/g/ki/ki18/anja/SUBARU//SCIENCE/SUPA0019892_6OCFS.fits   49.5832  0.7784381134510041  70.5884251117314    9.075654657222609
/nfs/slac/g/ki/ki18/anja/SUBARU//SCIENCE/SUPA0019892_7OCFS.fits   47.0799  0.7784381134510041  74.34170420922729   9.558219112614937
/nfs/slac/g/ki/ki18/anja/SUBARU//SCIENCE/SUPA0019892_8OCFS.fits   45.6305  0.7784381134510041  76.70308236815288   9.86182487590537
/nfs/slac/g/ki/ki18/anja/SUBARU//SCIENCE/SUPA0019892_9OCFS.fits   46.6231  0.7784381134510041  75.07008328489525   9.651867850915105
/nfs/slac/g/ki/ki18/anja/SUBARU//SCIENCE/SUPA0019893_10OCFS.fits  48.683   0.7327700376510621  71.89367951851776   9.243473080952283
/nfs/slac/g/ki/ki18/anja/SUBARU//SCIENCE/SUPA0019893_1OCFS.fits   48.9513  0.7327700376510621  71.49963330902345   9.192809996874445
/nfs/slac/g/ki/ki18/anja/SUBARU//SCIENCE/SUPA0019893_2OCFS.fits   45.8706  0.7327700376510621  76.30159622939311   9.8102052294934
/nfs/slac/g/ki/ki18/anja/SUBARU//SCIENCE/SUPA0019893_3OCFS.fits   45.6545  0.7327700376510621  76.66276051648798   9.856640637834168
/nfs/slac/g/ki/ki18/anja/SUBARU//SCIENCE/SUPA0019893_4OCFS.fits   46.5413  0.7327700376510621  75.20202486823531   9.668831768773112
/nfs/slac/g/ki/ki18/anja/SUBARU//SCIENCE/SUPA0019893_5OCFS.fits   49.059   0.7327700376510621  71.34266903116657   9.1726288754357
/nfs/slac/g/ki/ki18/anja/SUBARU//SCIENCE/SUPA0019893_6OCFS.fits   49.3955  0.7327700376510621  70.85665698292355   9.110141612090171
/nfs/slac/g/ki/ki18/anja/SUBARU//SCIENCE/SUPA0019893_7OCFS.fits   46.8081  0.7327700376510621  74.77338323922568   9.613720702186159
/nfs/slac/g/ki/ki18/anja/SUBARU//SCIENCE/SUPA0019893_8OCFS.fits   45.9052  0.7327700376510621  76.24408563735699   9.802811010517328
/nfs/slac/g/ki/ki18/anja/SUBARU//SCIENCE/SUPA0019893_9OCFS.fits   46.909   0.7327700376510621  74.61254769873585   9.593041846980324
