#files                                                                                             rms      seeing               dt                  ft
/gpfs/slac/kipac/fs1/u/awright/SUBARU//RXJ2129/W-S-Z+_2010-11-04/SCIENCE/SUPA0125999_10OCFSF.fits  88.405   0.5212106494903564   59.022608368649585  6.351738629800403
/gpfs/slac/kipac/fs1/u/awright/SUBARU//RXJ2129/W-S-Z+_2010-11-04/SCIENCE/SUPA0125999_1OCFSF.fits   88.3622  0.5212106494903564   59.05119715025731   6.354815221525773
/gpfs/slac/kipac/fs1/u/awright/SUBARU//RXJ2129/W-S-Z+_2010-11-04/SCIENCE/SUPA0125999_2OCFSF.fits   84.9589  0.5212106494903564   61.41668139336157   6.609377635156584
/gpfs/slac/kipac/fs1/u/awright/SUBARU//RXJ2129/W-S-Z+_2010-11-04/SCIENCE/SUPA0125999_3OCFSF.fits   85.6625  0.5212106494903564   60.91222755383589   6.5550906588939695
/gpfs/slac/kipac/fs1/u/awright/SUBARU//RXJ2129/W-S-Z+_2010-11-04/SCIENCE/SUPA0125999_4OCFSF.fits   87.4946  0.5212106494903564   59.636751214708866  6.417829826840795
/gpfs/slac/kipac/fs1/u/awright/SUBARU//RXJ2129/W-S-Z+_2010-11-04/SCIENCE/SUPA0125999_5OCFSF.fits   89.5899  0.5212106494903564   58.2419859027688    6.267731670283197
/gpfs/slac/kipac/fs1/u/awright/SUBARU//RXJ2129/W-S-Z+_2010-11-04/SCIENCE/SUPA0125999_6OCFSF.fits   88.9039  0.5212106494903564   58.691392535428335  6.316094722138227
/gpfs/slac/kipac/fs1/u/awright/SUBARU//RXJ2129/W-S-Z+_2010-11-04/SCIENCE/SUPA0125999_7OCFSF.fits   85.1736  0.5212106494903564   61.2618662687789    6.592717151411995
/gpfs/slac/kipac/fs1/u/awright/SUBARU//RXJ2129/W-S-Z+_2010-11-04/SCIENCE/SUPA0125999_8OCFSF.fits   83.531   0.5212106494903564   62.46655364871085   6.7223600048784835
/gpfs/slac/kipac/fs1/u/awright/SUBARU//RXJ2129/W-S-Z+_2010-11-04/SCIENCE/SUPA0125999_9OCFSF.fits   84.5365  0.5212106494903564   61.723559561023535  6.642402436432838
/gpfs/slac/kipac/fs1/u/awright/SUBARU//RXJ2129/W-S-Z+_2010-11-04/SCIENCE/SUPA0126000_10OCFSF.fits  88.17    0.5388935670852661   55.860398612621076  5.103776794828173
/gpfs/slac/kipac/fs1/u/awright/SUBARU//RXJ2129/W-S-Z+_2010-11-04/SCIENCE/SUPA0126000_1OCFSF.fits   88.2687  0.5388935670852661   55.79793681876815   5.098069870746936
/gpfs/slac/kipac/fs1/u/awright/SUBARU//RXJ2129/W-S-Z+_2010-11-04/SCIENCE/SUPA0126000_2OCFSF.fits   84.7446  0.5388935670852661   58.11829126191875   5.310072854199559
/gpfs/slac/kipac/fs1/u/awright/SUBARU//RXJ2129/W-S-Z+_2010-11-04/SCIENCE/SUPA0126000_3OCFSF.fits   85.5642  0.5388935670852661   57.561589375869815  5.259208874739669
/gpfs/slac/kipac/fs1/u/awright/SUBARU//RXJ2129/W-S-Z+_2010-11-04/SCIENCE/SUPA0126000_4OCFSF.fits   87.3765  0.5388935670852661   56.36768863109418   5.150126178091364
/gpfs/slac/kipac/fs1/u/awright/SUBARU//RXJ2129/W-S-Z+_2010-11-04/SCIENCE/SUPA0126000_5OCFSF.fits   89.208   0.5388935670852661   55.21042222306072   5.044390637610976
/gpfs/slac/kipac/fs1/u/awright/SUBARU//RXJ2129/W-S-Z+_2010-11-04/SCIENCE/SUPA0126000_6OCFSF.fits   88.7754  0.5388935670852661   55.47946104072525   5.068971809758108
/gpfs/slac/kipac/fs1/u/awright/SUBARU//RXJ2129/W-S-Z+_2010-11-04/SCIENCE/SUPA0126000_7OCFSF.fits   85.3215  0.5388935670852661   57.72532533622592   5.274168878887502
/gpfs/slac/kipac/fs1/u/awright/SUBARU//RXJ2129/W-S-Z+_2010-11-04/SCIENCE/SUPA0126000_8OCFSF.fits   83.5475  0.5388935670852661   58.95103199586822   5.3861575750321675
/gpfs/slac/kipac/fs1/u/awright/SUBARU//RXJ2129/W-S-Z+_2010-11-04/SCIENCE/SUPA0126000_9OCFSF.fits   84.2581  0.5388935670852661   58.453861951252165  5.340732819752641
/gpfs/slac/kipac/fs1/u/awright/SUBARU//RXJ2129/W-S-Z+_2010-11-04/SCIENCE/SUPA0126001_10OCFSF.fits  89.1546  0.5515432493686676   52.89505644604567   5.0474120236084286
/gpfs/slac/kipac/fs1/u/awright/SUBARU//RXJ2129/W-S-Z+_2010-11-04/SCIENCE/SUPA0126001_1OCFSF.fits   89.7374  0.5515432493686676   52.551529233347786  5.014631580589588
/gpfs/slac/kipac/fs1/u/awright/SUBARU//RXJ2129/W-S-Z+_2010-11-04/SCIENCE/SUPA0126001_2OCFSF.fits   85.9004  0.5515432493686676   54.89890151180464   5.238625198485688
/gpfs/slac/kipac/fs1/u/awright/SUBARU//RXJ2129/W-S-Z+_2010-11-04/SCIENCE/SUPA0126001_3OCFSF.fits   86.6507  0.5515432493686676   54.42353725272414   5.193264451412395
/gpfs/slac/kipac/fs1/u/awright/SUBARU//RXJ2129/W-S-Z+_2010-11-04/SCIENCE/SUPA0126001_4OCFSF.fits   88.6272  0.5515432493686676   53.209822711589936  5.077448006932409
/gpfs/slac/kipac/fs1/u/awright/SUBARU//RXJ2129/W-S-Z+_2010-11-04/SCIENCE/SUPA0126001_5OCFSF.fits   90.1316  0.5515432493686676   52.321689611907736  4.992699563749007
/gpfs/slac/kipac/fs1/u/awright/SUBARU//RXJ2129/W-S-Z+_2010-11-04/SCIENCE/SUPA0126001_6OCFSF.fits   90.2783  0.5515432493686676   52.23666816305384   4.984586550699337
/gpfs/slac/kipac/fs1/u/awright/SUBARU//RXJ2129/W-S-Z+_2010-11-04/SCIENCE/SUPA0126001_7OCFSF.fits   86.4412  0.5515432493686676   54.555438835007195  5.205850913684678
/gpfs/slac/kipac/fs1/u/awright/SUBARU//RXJ2129/W-S-Z+_2010-11-04/SCIENCE/SUPA0126001_8OCFSF.fits   84.5463  0.5515432493686676   55.778166512604614  5.322527419887091
/gpfs/slac/kipac/fs1/u/awright/SUBARU//RXJ2129/W-S-Z+_2010-11-04/SCIENCE/SUPA0126001_9OCFSF.fits   85.0566  0.5515432493686676   55.44352348230029   5.2905947333892955
/gpfs/slac/kipac/fs1/u/awright/SUBARU//RXJ2129/W-S-Z+_2010-11-04/SCIENCE/SUPA0126002_10OCFSF.fits  89.8221  0.541889899969101    54.280816666292935  5.009902908081641
/gpfs/slac/kipac/fs1/u/awright/SUBARU//RXJ2129/W-S-Z+_2010-11-04/SCIENCE/SUPA0126002_1OCFSF.fits   89.9399  0.541889899969101    54.20972163279514   5.003341120014587
/gpfs/slac/kipac/fs1/u/awright/SUBARU//RXJ2129/W-S-Z+_2010-11-04/SCIENCE/SUPA0126002_2OCFSF.fits   86.3648  0.541889899969101    56.45375132787236   5.210456111749231
/gpfs/slac/kipac/fs1/u/awright/SUBARU//RXJ2129/W-S-Z+_2010-11-04/SCIENCE/SUPA0126002_3OCFSF.fits   87.3585  0.541889899969101    55.81159180482072   5.151187348683871
/gpfs/slac/kipac/fs1/u/awright/SUBARU//RXJ2129/W-S-Z+_2010-11-04/SCIENCE/SUPA0126002_4OCFSF.fits   89.331   0.541889899969101    54.57922717400937   5.037445007891997
/gpfs/slac/kipac/fs1/u/awright/SUBARU//RXJ2129/W-S-Z+_2010-11-04/SCIENCE/SUPA0126002_5OCFSF.fits   90.6945  0.541889899969101    53.75868374246984   4.961712121462712
/gpfs/slac/kipac/fs1/u/awright/SUBARU//RXJ2129/W-S-Z+_2010-11-04/SCIENCE/SUPA0126002_6OCFSF.fits   90.3475  0.541889899969101    53.96515612143592   4.980768698635823
/gpfs/slac/kipac/fs1/u/awright/SUBARU//RXJ2129/W-S-Z+_2010-11-04/SCIENCE/SUPA0126002_7OCFSF.fits   87.2869  0.541889899969101    55.8573731302341    5.155412782445017
/gpfs/slac/kipac/fs1/u/awright/SUBARU//RXJ2129/W-S-Z+_2010-11-04/SCIENCE/SUPA0126002_8OCFSF.fits   85.3727  0.541889899969101    57.109789694848956  5.271005836760463
/gpfs/slac/kipac/fs1/u/awright/SUBARU//RXJ2129/W-S-Z+_2010-11-04/SCIENCE/SUPA0126002_9OCFSF.fits   85.9366  0.541889899969101    56.73504586731883   5.236418475946221
/gpfs/slac/kipac/fs1/u/awright/SUBARU//RXJ2129/W-S-Z+_2010-11-04/SCIENCE/SUPA0126003_10OCFSF.fits  89.0551  0.5452833166122437   54.11762075871147   5.053051425465807
/gpfs/slac/kipac/fs1/u/awright/SUBARU//RXJ2129/W-S-Z+_2010-11-04/SCIENCE/SUPA0126003_1OCFSF.fits   89.6115  0.5452833166122437   53.781603124923976  5.021676905307912
/gpfs/slac/kipac/fs1/u/awright/SUBARU//RXJ2129/W-S-Z+_2010-11-04/SCIENCE/SUPA0126003_2OCFSF.fits   86.0248  0.5452833166122437   56.023962025243016  5.231049650798375
/gpfs/slac/kipac/fs1/u/awright/SUBARU//RXJ2129/W-S-Z+_2010-11-04/SCIENCE/SUPA0126003_3OCFSF.fits   86.9138  0.5452833166122437   55.45091951369202   5.17754372723319
/gpfs/slac/kipac/fs1/u/awright/SUBARU//RXJ2129/W-S-Z+_2010-11-04/SCIENCE/SUPA0126003_4OCFSF.fits   88.9458  0.5452833166122437   54.18412256035839   5.059260808267506
/gpfs/slac/kipac/fs1/u/awright/SUBARU//RXJ2129/W-S-Z+_2010-11-04/SCIENCE/SUPA0126003_5OCFSF.fits   90.2089  0.5452833166122437   53.42543949021799   4.988421319847598
/gpfs/slac/kipac/fs1/u/awright/SUBARU//RXJ2129/W-S-Z+_2010-11-04/SCIENCE/SUPA0126003_6OCFSF.fits   89.2973  0.5452833166122437   53.97083818244365   5.039346094450783
/gpfs/slac/kipac/fs1/u/awright/SUBARU//RXJ2129/W-S-Z+_2010-11-04/SCIENCE/SUPA0126003_7OCFSF.fits   86.582   0.5452833166122437   55.66341882180044   5.197385137788455
/gpfs/slac/kipac/fs1/u/awright/SUBARU//RXJ2129/W-S-Z+_2010-11-04/SCIENCE/SUPA0126003_8OCFSF.fits   84.8143  0.5452833166122437   56.82355603275774   5.305709060854125
/gpfs/slac/kipac/fs1/u/awright/SUBARU//RXJ2129/W-S-Z+_2010-11-04/SCIENCE/SUPA0126003_9OCFSF.fits   85.7764  0.5452833166122437   56.186201897364846  5.2461982549978785
/gpfs/slac/kipac/fs1/u/awright/SUBARU//RXJ2129/W-S-Z+_2010-11-04/SCIENCE/SUPA0126004_10OCFSF.fits  88.7067  0.49981113386154175  62.81478237454352   8.01880875930688
/gpfs/slac/kipac/fs1/u/awright/SUBARU//RXJ2129/W-S-Z+_2010-11-04/SCIENCE/SUPA0126004_1OCFSF.fits   88.5828  0.49981113386154175  62.90264087005512   8.030024598107168
/gpfs/slac/kipac/fs1/u/awright/SUBARU//RXJ2129/W-S-Z+_2010-11-04/SCIENCE/SUPA0126004_2OCFSF.fits   85.1507  0.49981113386154175  65.43800644814334   8.35368426764792
/gpfs/slac/kipac/fs1/u/awright/SUBARU//RXJ2129/W-S-Z+_2010-11-04/SCIENCE/SUPA0126004_3OCFSF.fits   86.1497  0.49981113386154175  64.67918118883664   8.256814161502684
/gpfs/slac/kipac/fs1/u/awright/SUBARU//RXJ2129/W-S-Z+_2010-11-04/SCIENCE/SUPA0126004_4OCFSF.fits   87.9906  0.49981113386154175  63.325992272628206  8.084068786543195
/gpfs/slac/kipac/fs1/u/awright/SUBARU//RXJ2129/W-S-Z+_2010-11-04/SCIENCE/SUPA0126004_5OCFSF.fits   89.5466  0.49981113386154175  62.225612760997286  7.943596551619019
/gpfs/slac/kipac/fs1/u/awright/SUBARU//RXJ2129/W-S-Z+_2010-11-04/SCIENCE/SUPA0126004_6OCFSF.fits   88.8453  0.49981113386154175  62.716790372297915  8.00629929742156
/gpfs/slac/kipac/fs1/u/awright/SUBARU//RXJ2129/W-S-Z+_2010-11-04/SCIENCE/SUPA0126004_7OCFSF.fits   85.8323  0.49981113386154175  64.91835888894879   8.287347105567573
/gpfs/slac/kipac/fs1/u/awright/SUBARU//RXJ2129/W-S-Z+_2010-11-04/SCIENCE/SUPA0126004_8OCFSF.fits   84.2464  0.49981113386154175  66.14041734322083   8.443352629539158
/gpfs/slac/kipac/fs1/u/awright/SUBARU//RXJ2129/W-S-Z+_2010-11-04/SCIENCE/SUPA0126004_9OCFSF.fits   84.882   0.49981113386154175  65.64515510548667   8.380128448542772
/gpfs/slac/kipac/fs1/u/awright/SUBARU//RXJ2129/W-S-Z+_2010-11-04/SCIENCE/SUPA0126005_10OCFSF.fits  88.3178  0.511664553642273    60.86992438080647   7.1146260946727455
/gpfs/slac/kipac/fs1/u/awright/SUBARU//RXJ2129/W-S-Z+_2010-11-04/SCIENCE/SUPA0126005_1OCFSF.fits   88.577   0.511664553642273    60.691802696853465  7.0938067952638795
/gpfs/slac/kipac/fs1/u/awright/SUBARU//RXJ2129/W-S-Z+_2010-11-04/SCIENCE/SUPA0126005_2OCFSF.fits   85.0743  0.511664553642273    63.19062052205178   7.385874753058077
/gpfs/slac/kipac/fs1/u/awright/SUBARU//RXJ2129/W-S-Z+_2010-11-04/SCIENCE/SUPA0126005_3OCFSF.fits   85.754   0.511664553642273    62.68976149776324   7.327333121534723
/gpfs/slac/kipac/fs1/u/awright/SUBARU//RXJ2129/W-S-Z+_2010-11-04/SCIENCE/SUPA0126005_4OCFSF.fits   87.8349  0.511664553642273    61.20457594281076   7.153740990245206
/gpfs/slac/kipac/fs1/u/awright/SUBARU//RXJ2129/W-S-Z+_2010-11-04/SCIENCE/SUPA0126005_5OCFSF.fits   89.4193  0.511664553642273    60.120106145755884  7.026985499820381
/gpfs/slac/kipac/fs1/u/awright/SUBARU//RXJ2129/W-S-Z+_2010-11-04/SCIENCE/SUPA0126005_6OCFSF.fits   88.7417  0.511664553642273    60.5791618537755    7.080641057181558
/gpfs/slac/kipac/fs1/u/awright/SUBARU//RXJ2129/W-S-Z+_2010-11-04/SCIENCE/SUPA0126005_7OCFSF.fits   85.6701  0.511664553642273    62.7511559748289    7.334509058634093
/gpfs/slac/kipac/fs1/u/awright/SUBARU//RXJ2129/W-S-Z+_2010-11-04/SCIENCE/SUPA0126005_8OCFSF.fits   83.9206  0.511664553642273    64.05933474592877   7.487412202773678
/gpfs/slac/kipac/fs1/u/awright/SUBARU//RXJ2129/W-S-Z+_2010-11-04/SCIENCE/SUPA0126005_9OCFSF.fits   85.138   0.511664553642273    63.14334148651823   7.3803486633945905
/gpfs/slac/kipac/fs1/u/awright/SUBARU//RXJ2129/W-S-Z+_2010-11-04/SCIENCE/SUPA0126006_10OCFSF.fits  87.0278  0.5328056879043579   57.75138628706504   5.519617693076174
/gpfs/slac/kipac/fs1/u/awright/SUBARU//RXJ2129/W-S-Z+_2010-11-04/SCIENCE/SUPA0126006_1OCFSF.fits   87.2023  0.5328056879043579   57.63582033402145   5.508572419184984
/gpfs/slac/kipac/fs1/u/awright/SUBARU//RXJ2129/W-S-Z+_2010-11-04/SCIENCE/SUPA0126006_2OCFSF.fits   83.8646  0.5328056879043579   59.92964964375242   5.727806305276537
/gpfs/slac/kipac/fs1/u/awright/SUBARU//RXJ2129/W-S-Z+_2010-11-04/SCIENCE/SUPA0126006_3OCFSF.fits   84.8095  0.5328056879043579   59.26194701670731   5.663990292001422
/gpfs/slac/kipac/fs1/u/awright/SUBARU//RXJ2129/W-S-Z+_2010-11-04/SCIENCE/SUPA0126006_4OCFSF.fits   86.7169  0.5328056879043579   57.958438268820025  5.539406790020108
/gpfs/slac/kipac/fs1/u/awright/SUBARU//RXJ2129/W-S-Z+_2010-11-04/SCIENCE/SUPA0126006_5OCFSF.fits   88.5073  0.5328056879043579   56.78600630132699   5.427351017029043
/gpfs/slac/kipac/fs1/u/awright/SUBARU//RXJ2129/W-S-Z+_2010-11-04/SCIENCE/SUPA0126006_6OCFSF.fits   87.9568  0.5328056879043579   57.14141596230694   5.461319473531264
/gpfs/slac/kipac/fs1/u/awright/SUBARU//RXJ2129/W-S-Z+_2010-11-04/SCIENCE/SUPA0126006_7OCFSF.fits   84.617   0.5328056879043579   59.396765372365344  5.676875623923025
/gpfs/slac/kipac/fs1/u/awright/SUBARU//RXJ2129/W-S-Z+_2010-11-04/SCIENCE/SUPA0126006_8OCFSF.fits   83.0374  0.5328056879043579   60.52665540483491   5.784865430149482
/gpfs/slac/kipac/fs1/u/awright/SUBARU//RXJ2129/W-S-Z+_2010-11-04/SCIENCE/SUPA0126006_9OCFSF.fits   83.9781  0.5328056879043579   59.848652154709846  5.720064929660169
/gpfs/slac/kipac/fs1/u/awright/SUBARU//RXJ2129/W-S-Z+_2010-11-04/SCIENCE/SUPA0126007_10OCFSF.fits  84.6608  0.5205874519348145   61.754775194783555  6.684177759438826
/gpfs/slac/kipac/fs1/u/awright/SUBARU//RXJ2129/W-S-Z+_2010-11-04/SCIENCE/SUPA0126007_1OCFSF.fits   85.2056  0.5205874519348145   61.35991850078552   6.6414394882061565
/gpfs/slac/kipac/fs1/u/awright/SUBARU//RXJ2129/W-S-Z+_2010-11-04/SCIENCE/SUPA0126007_2OCFSF.fits   81.5675  0.5205874519348145   64.09671341907661   6.937663118966482
/gpfs/slac/kipac/fs1/u/awright/SUBARU//RXJ2129/W-S-Z+_2010-11-04/SCIENCE/SUPA0126007_3OCFSF.fits   82.5616  0.5205874519348145   63.324943700346545  6.854128753031658
/gpfs/slac/kipac/fs1/u/awright/SUBARU//RXJ2129/W-S-Z+_2010-11-04/SCIENCE/SUPA0126007_4OCFSF.fits   84.048   0.5205874519348145   62.205033692777114  6.732912579196394
/gpfs/slac/kipac/fs1/u/awright/SUBARU//RXJ2129/W-S-Z+_2010-11-04/SCIENCE/SUPA0126007_5OCFSF.fits   85.9463  0.5205874519348145   60.83110816650085   6.584202420072749
/gpfs/slac/kipac/fs1/u/awright/SUBARU//RXJ2129/W-S-Z+_2010-11-04/SCIENCE/SUPA0126007_6OCFSF.fits   85.8462  0.5205874519348145   60.902039598846905  6.59187985555911
/gpfs/slac/kipac/fs1/u/awright/SUBARU//RXJ2129/W-S-Z+_2010-11-04/SCIENCE/SUPA0126007_7OCFSF.fits   82.2167  0.5205874519348145   63.59059256587203   6.8828819018070355
/gpfs/slac/kipac/fs1/u/awright/SUBARU//RXJ2129/W-S-Z+_2010-11-04/SCIENCE/SUPA0126007_8OCFSF.fits   80.6149  0.5205874519348145   64.8541233917121    7.019643222981093
/gpfs/slac/kipac/fs1/u/awright/SUBARU//RXJ2129/W-S-Z+_2010-11-04/SCIENCE/SUPA0126007_9OCFSF.fits   81.849   0.5205874519348145   63.876268150014425  6.913802691007812
/gpfs/slac/kipac/fs1/u/awright/SUBARU//RXJ2129/W-S-Z+_2010-11-04/SCIENCE/SUPA0126008_10OCFSF.fits  84.8357  0.5192375357151032   61.89083228056497   6.781782315632184
/gpfs/slac/kipac/fs1/u/awright/SUBARU//RXJ2129/W-S-Z+_2010-11-04/SCIENCE/SUPA0126008_1OCFSF.fits   85.3558  0.5192375357151032   61.513711781792516  6.740458761962014
/gpfs/slac/kipac/fs1/u/awright/SUBARU//RXJ2129/W-S-Z+_2010-11-04/SCIENCE/SUPA0126008_2OCFSF.fits   81.8694  0.5192375357151032   64.13326688731475   7.027500506834999
/gpfs/slac/kipac/fs1/u/awright/SUBARU//RXJ2129/W-S-Z+_2010-11-04/SCIENCE/SUPA0126008_3OCFSF.fits   82.6096  0.5192375357151032   63.55861885427754   6.964532572416248
/gpfs/slac/kipac/fs1/u/awright/SUBARU//RXJ2129/W-S-Z+_2010-11-04/SCIENCE/SUPA0126008_4OCFSF.fits   84.1422  0.5192375357151032   62.40093651110056   6.837677764478196
/gpfs/slac/kipac/fs1/u/awright/SUBARU//RXJ2129/W-S-Z+_2010-11-04/SCIENCE/SUPA0126008_5OCFSF.fits   85.8764  0.5192375357151032   61.14080329525138   6.699596745954386
/gpfs/slac/kipac/fs1/u/awright/SUBARU//RXJ2129/W-S-Z+_2010-11-04/SCIENCE/SUPA0126008_6OCFSF.fits   86.4873  0.5192375357151032   60.708937382764006  6.652274380102943
/gpfs/slac/kipac/fs1/u/awright/SUBARU//RXJ2129/W-S-Z+_2010-11-04/SCIENCE/SUPA0126008_7OCFSF.fits   82.6322  0.5192375357151032   63.541235500256875  6.96262776489404
/gpfs/slac/kipac/fs1/u/awright/SUBARU//RXJ2129/W-S-Z+_2010-11-04/SCIENCE/SUPA0126008_8OCFSF.fits   80.9228  0.5192375357151032   64.88347017286013   7.109705175726462
/gpfs/slac/kipac/fs1/u/awright/SUBARU//RXJ2129/W-S-Z+_2010-11-04/SCIENCE/SUPA0126008_9OCFSF.fits   82.0828  0.5192375357151032   63.96653233203942   7.009230313711
/gpfs/slac/kipac/fs1/u/awright/SUBARU//RXJ2129/W-S-Z+_2010-11-04/SCIENCE/SUPA0126009_10OCFSF.fits  86.2878  0.4944109151363373   65.61153321718581   8.68168610215626
/gpfs/slac/kipac/fs1/u/awright/SUBARU//RXJ2129/W-S-Z+_2010-11-04/SCIENCE/SUPA0126009_1OCFSF.fits   86.7616  0.4944109151363373   65.25323248923355   8.634275924437066
/gpfs/slac/kipac/fs1/u/awright/SUBARU//RXJ2129/W-S-Z+_2010-11-04/SCIENCE/SUPA0126009_2OCFSF.fits   82.8709  0.4944109151363373   68.31680186818154   9.039645931752146
/gpfs/slac/kipac/fs1/u/awright/SUBARU//RXJ2129/W-S-Z+_2010-11-04/SCIENCE/SUPA0126009_3OCFSF.fits   83.7189  0.4944109151363373   67.62481179205514   8.948082142092632
/gpfs/slac/kipac/fs1/u/awright/SUBARU//RXJ2129/W-S-Z+_2010-11-04/SCIENCE/SUPA0126009_4OCFSF.fits   85.1758  0.4944109151363373   66.46811483940141   8.795028564987225
/gpfs/slac/kipac/fs1/u/awright/SUBARU//RXJ2129/W-S-Z+_2010-11-04/SCIENCE/SUPA0126009_5OCFSF.fits   87.813   0.4944109151363373   64.47194442665534   8.53089626872603
/gpfs/slac/kipac/fs1/u/awright/SUBARU//RXJ2129/W-S-Z+_2010-11-04/SCIENCE/SUPA0126009_6OCFSF.fits   87.1319  0.4944109151363373   64.97591417079033   8.597581299680586
/gpfs/slac/kipac/fs1/u/awright/SUBARU//RXJ2129/W-S-Z+_2010-11-04/SCIENCE/SUPA0126009_7OCFSF.fits   83.493   0.4944109151363373   67.80777856751926   8.972292216660547
/gpfs/slac/kipac/fs1/u/awright/SUBARU//RXJ2129/W-S-Z+_2010-11-04/SCIENCE/SUPA0126009_8OCFSF.fits   81.8108  0.4944109151363373   69.20204735729129   9.156781183482364
/gpfs/slac/kipac/fs1/u/awright/SUBARU//RXJ2129/W-S-Z+_2010-11-04/SCIENCE/SUPA0126009_9OCFSF.fits   83.009   0.4944109151363373   68.20314491124921   9.024606898597007
/gpfs/slac/kipac/fs1/u/awright/SUBARU//RXJ2129/W-S-Z+_2010-11-04/SCIENCE/SUPA0126010_10OCFSF.fits  86.1793  0.5131394946575165   62.097104830013514  7.171368732368264
/gpfs/slac/kipac/fs1/u/awright/SUBARU//RXJ2129/W-S-Z+_2010-11-04/SCIENCE/SUPA0126010_1OCFSF.fits   86.5785  0.5131394946575165   61.81078473613175   7.138302666336149
/gpfs/slac/kipac/fs1/u/awright/SUBARU//RXJ2129/W-S-Z+_2010-11-04/SCIENCE/SUPA0126010_2OCFSF.fits   82.981   0.5131394946575165   64.49048609051691   7.447771627208449
/gpfs/slac/kipac/fs1/u/awright/SUBARU//RXJ2129/W-S-Z+_2010-11-04/SCIENCE/SUPA0126010_3OCFSF.fits   83.6543  0.5131394946575165   63.97142796338243   7.387827492398888
/gpfs/slac/kipac/fs1/u/awright/SUBARU//RXJ2129/W-S-Z+_2010-11-04/SCIENCE/SUPA0126010_4OCFSF.fits   85.1491  0.5131394946575165   62.848403873642624  7.258133525749353
/gpfs/slac/kipac/fs1/u/awright/SUBARU//RXJ2129/W-S-Z+_2010-11-04/SCIENCE/SUPA0126010_5OCFSF.fits   87.7376  0.5131394946575165   60.99420346894813   7.043998666448413
/gpfs/slac/kipac/fs1/u/awright/SUBARU//RXJ2129/W-S-Z+_2010-11-04/SCIENCE/SUPA0126010_6OCFSF.fits   87.0783  0.5131394946575165   61.456011730559545  7.097331222559286
/gpfs/slac/kipac/fs1/u/awright/SUBARU//RXJ2129/W-S-Z+_2010-11-04/SCIENCE/SUPA0126010_7OCFSF.fits   83.4903  0.5131394946575165   64.09708704217356   7.402339402270495
/gpfs/slac/kipac/fs1/u/awright/SUBARU//RXJ2129/W-S-Z+_2010-11-04/SCIENCE/SUPA0126010_8OCFSF.fits   81.7231  0.5131394946575165   65.48313789218939   7.5624093725933585
/gpfs/slac/kipac/fs1/u/awright/SUBARU//RXJ2129/W-S-Z+_2010-11-04/SCIENCE/SUPA0126010_9OCFSF.fits   82.8342  0.5131394946575165   64.60477708817353   7.460970678746029
/gpfs/slac/kipac/fs1/u/awright/SUBARU//RXJ2129/W-S-Z+_2010-11-04/SCIENCE/SUPA0126011_10OCFSF.fits  86.8366  0.50591122174263     63.00483011866552   7.699765396176147
/gpfs/slac/kipac/fs1/u/awright/SUBARU//RXJ2129/W-S-Z+_2010-11-04/SCIENCE/SUPA0126011_1OCFSF.fits   87.1465  0.50591122174263     62.78077984867448   7.672384407883158
/gpfs/slac/kipac/fs1/u/awright/SUBARU//RXJ2129/W-S-Z+_2010-11-04/SCIENCE/SUPA0126011_2OCFSF.fits   83.4521  0.50591122174263     65.56006656612008   8.012038616183291
/gpfs/slac/kipac/fs1/u/awright/SUBARU//RXJ2129/W-S-Z+_2010-11-04/SCIENCE/SUPA0126011_3OCFSF.fits   84.2785  0.50591122174263     64.91721175723951   7.933475890073859
/gpfs/slac/kipac/fs1/u/awright/SUBARU//RXJ2129/W-S-Z+_2010-11-04/SCIENCE/SUPA0126011_4OCFSF.fits   85.9802  0.50591122174263     63.63238549203783   7.776458391601667
/gpfs/slac/kipac/fs1/u/awright/SUBARU//RXJ2129/W-S-Z+_2010-11-04/SCIENCE/SUPA0126011_5OCFSF.fits   87.9907  0.50591122174263     62.17844875745403   7.598774050002893
/gpfs/slac/kipac/fs1/u/awright/SUBARU//RXJ2129/W-S-Z+_2010-11-04/SCIENCE/SUPA0126011_6OCFSF.fits   87.3439  0.50591122174263     62.63889328370396   7.655044574396032
/gpfs/slac/kipac/fs1/u/awright/SUBARU//RXJ2129/W-S-Z+_2010-11-04/SCIENCE/SUPA0126011_7OCFSF.fits   84.0406  0.50591122174263     65.10097775459136   7.9559337725050705
/gpfs/slac/kipac/fs1/u/awright/SUBARU//RXJ2129/W-S-Z+_2010-11-04/SCIENCE/SUPA0126011_8OCFSF.fits   82.345   0.50591122174263     66.44149895054358   8.119757699940369
/gpfs/slac/kipac/fs1/u/awright/SUBARU//RXJ2129/W-S-Z+_2010-11-04/SCIENCE/SUPA0126011_9OCFSF.fits   83.3442  0.50591122174263     65.64494267246563   8.02241125119192
/gpfs/slac/kipac/fs1/u/awright/SUBARU//RXJ2129/W-S-Z+_2010-11-04/SCIENCE/SUPA0126012_10OCFSF.fits  86.9698  0.5274229514598847   58.81431869823117   5.956542843387092
/gpfs/slac/kipac/fs1/u/awright/SUBARU//RXJ2129/W-S-Z+_2010-11-04/SCIENCE/SUPA0126012_1OCFSF.fits   87.1932  0.5274229514598847   58.66362897934042   5.941281427689393
/gpfs/slac/kipac/fs1/u/awright/SUBARU//RXJ2129/W-S-Z+_2010-11-04/SCIENCE/SUPA0126012_2OCFSF.fits   83.3653  0.5274229514598847   61.357297752439266  6.2140883530774405
/gpfs/slac/kipac/fs1/u/awright/SUBARU//RXJ2129/W-S-Z+_2010-11-04/SCIENCE/SUPA0126012_3OCFSF.fits   84.259   0.5274229514598847   60.70650653724143   6.148178114869709
/gpfs/slac/kipac/fs1/u/awright/SUBARU//RXJ2129/W-S-Z+_2010-11-04/SCIENCE/SUPA0126012_4OCFSF.fits   86.1572  0.5274229514598847   59.36903165749845   6.0127225557563015
/gpfs/slac/kipac/fs1/u/awright/SUBARU//RXJ2129/W-S-Z+_2010-11-04/SCIENCE/SUPA0126012_5OCFSF.fits   87.8913  0.5274229514598847   58.19767752122708   5.894091221552154
/gpfs/slac/kipac/fs1/u/awright/SUBARU//RXJ2129/W-S-Z+_2010-11-04/SCIENCE/SUPA0126012_6OCFSF.fits   87.6732  0.5274229514598847   58.34245281706868   5.908753641714992
/gpfs/slac/kipac/fs1/u/awright/SUBARU//RXJ2129/W-S-Z+_2010-11-04/SCIENCE/SUPA0126012_7OCFSF.fits   84.0906  0.5274229514598847   60.82807750594509   6.160490468385371
/gpfs/slac/kipac/fs1/u/awright/SUBARU//RXJ2129/W-S-Z+_2010-11-04/SCIENCE/SUPA0126012_8OCFSF.fits   82.2643  0.5274229514598847   62.17848488738645   6.2972557935922
/gpfs/slac/kipac/fs1/u/awright/SUBARU//RXJ2129/W-S-Z+_2010-11-04/SCIENCE/SUPA0126012_9OCFSF.fits   83.2669  0.5274229514598847   61.42980625340231   6.221431802802876
/gpfs/slac/kipac/fs1/u/awright/SUBARU//RXJ2129/W-S-Z+_2010-11-04/SCIENCE/SUPA0126013_10OCFSF.fits  87.0662  0.5234845740795135   59.49790360907121   6.26658773948335
/gpfs/slac/kipac/fs1/u/awright/SUBARU//RXJ2129/W-S-Z+_2010-11-04/SCIENCE/SUPA0126013_1OCFSF.fits   87.2324  0.5234845740795135   59.384544907719096  6.254648289436094
/gpfs/slac/kipac/fs1/u/awright/SUBARU//RXJ2129/W-S-Z+_2010-11-04/SCIENCE/SUPA0126013_2OCFSF.fits   83.6178  0.5234845740795135   61.95159852576981   6.525021962350183
/gpfs/slac/kipac/fs1/u/awright/SUBARU//RXJ2129/W-S-Z+_2010-11-04/SCIENCE/SUPA0126013_3OCFSF.fits   84.3155  0.5234845740795135   61.43895695581613   6.471028238501878
/gpfs/slac/kipac/fs1/u/awright/SUBARU//RXJ2129/W-S-Z+_2010-11-04/SCIENCE/SUPA0126013_4OCFSF.fits   86.1687  0.5234845740795135   60.1176108634355    6.331858104432412
/gpfs/slac/kipac/fs1/u/awright/SUBARU//RXJ2129/W-S-Z+_2010-11-04/SCIENCE/SUPA0126013_5OCFSF.fits   87.924   0.5234845740795135   58.91743295582679   6.205449950450447
/gpfs/slac/kipac/fs1/u/awright/SUBARU//RXJ2129/W-S-Z+_2010-11-04/SCIENCE/SUPA0126013_6OCFSF.fits   87.4151  0.5234845740795135   59.260429550593834  6.24157589985489
/gpfs/slac/kipac/fs1/u/awright/SUBARU//RXJ2129/W-S-Z+_2010-11-04/SCIENCE/SUPA0126013_7OCFSF.fits   84.2828  0.5234845740795135   61.46279401263503   6.473538864909628
/gpfs/slac/kipac/fs1/u/awright/SUBARU//RXJ2129/W-S-Z+_2010-11-04/SCIENCE/SUPA0126013_8OCFSF.fits   82.6127  0.5234845740795135   62.705327089032494  6.604408056429643
/gpfs/slac/kipac/fs1/u/awright/SUBARU//RXJ2129/W-S-Z+_2010-11-04/SCIENCE/SUPA0126013_9OCFSF.fits   83.4899  0.5234845740795135   62.04650353166209   6.535017785904704
/gpfs/slac/kipac/fs1/u/awright/SUBARU//RXJ2129/W-S-Z+_2010-11-04/SCIENCE/SUPA0126014_10OCFSF.fits  87.3297  0.579809544801712    48.64304305757953   5.152886131522266
/gpfs/slac/kipac/fs1/u/awright/SUBARU//RXJ2129/W-S-Z+_2010-11-04/SCIENCE/SUPA0126014_1OCFSF.fits   87.5302  0.579809544801712    48.53161945597638   5.141082734873221
/gpfs/slac/kipac/fs1/u/awright/SUBARU//RXJ2129/W-S-Z+_2010-11-04/SCIENCE/SUPA0126014_2OCFSF.fits   84.25    0.579809544801712    50.421155576326456  5.341246290801187
/gpfs/slac/kipac/fs1/u/awright/SUBARU//RXJ2129/W-S-Z+_2010-11-04/SCIENCE/SUPA0126014_3OCFSF.fits   84.7672  0.579809544801712    50.11351510142489   5.308657122094395
/gpfs/slac/kipac/fs1/u/awright/SUBARU//RXJ2129/W-S-Z+_2010-11-04/SCIENCE/SUPA0126014_4OCFSF.fits   86.7326  0.579809544801712    48.97792015119463   5.188360547245211
/gpfs/slac/kipac/fs1/u/awright/SUBARU//RXJ2129/W-S-Z+_2010-11-04/SCIENCE/SUPA0126014_5OCFSF.fits   88.3103  0.579809544801712    48.10290936963756   5.095668342197909
/gpfs/slac/kipac/fs1/u/awright/SUBARU//RXJ2129/W-S-Z+_2010-11-04/SCIENCE/SUPA0126014_6OCFSF.fits   87.8286  0.579809544801712    48.366731990553234  5.123615769806191
/gpfs/slac/kipac/fs1/u/awright/SUBARU//RXJ2129/W-S-Z+_2010-11-04/SCIENCE/SUPA0126014_7OCFSF.fits   84.697   0.579809544801712    50.155051032569084  5.313057133074371
/gpfs/slac/kipac/fs1/u/awright/SUBARU//RXJ2129/W-S-Z+_2010-11-04/SCIENCE/SUPA0126014_8OCFSF.fits   83.1519  0.579809544801712    51.08701493658598   5.4117825329306966
/gpfs/slac/kipac/fs1/u/awright/SUBARU//RXJ2129/W-S-Z+_2010-11-04/SCIENCE/SUPA0126014_9OCFSF.fits   83.6513  0.579809544801712    50.78202439538302   5.379474078705291
/gpfs/slac/kipac/fs1/u/awright/SUBARU//RXJ2129/W-S-Z+_2010-11-04/SCIENCE/SUPA0126015_10OCFSF.fits  88.25    0.5464240715503693   54.397378979260644  5.09915014164306
/gpfs/slac/kipac/fs1/u/awright/SUBARU//RXJ2129/W-S-Z+_2010-11-04/SCIENCE/SUPA0126015_1OCFSF.fits   88.6309  0.5464240715503693   54.16360089900646   5.077236042960187
/gpfs/slac/kipac/fs1/u/awright/SUBARU//RXJ2129/W-S-Z+_2010-11-04/SCIENCE/SUPA0126015_2OCFSF.fits   85.0268  0.5464240715503693   56.459477422645     5.292448969030941
/gpfs/slac/kipac/fs1/u/awright/SUBARU//RXJ2129/W-S-Z+_2010-11-04/SCIENCE/SUPA0126015_3OCFSF.fits   85.7921  0.5464240715503693   55.95583620076617   5.245238197922652
/gpfs/slac/kipac/fs1/u/awright/SUBARU//RXJ2129/W-S-Z+_2010-11-04/SCIENCE/SUPA0126015_4OCFSF.fits   87.6426  0.5464240715503693   54.77437564517428   5.134489392144916
/gpfs/slac/kipac/fs1/u/awright/SUBARU//RXJ2129/W-S-Z+_2010-11-04/SCIENCE/SUPA0126015_5OCFSF.fits   89.4792  0.5464240715503693   53.65010745424357   5.029101735375372
/gpfs/slac/kipac/fs1/u/awright/SUBARU//RXJ2129/W-S-Z+_2010-11-04/SCIENCE/SUPA0126015_6OCFSF.fits   88.5453  0.5464240715503693   54.21596284523009   5.082144393886519
/gpfs/slac/kipac/fs1/u/awright/SUBARU//RXJ2129/W-S-Z+_2010-11-04/SCIENCE/SUPA0126015_7OCFSF.fits   85.6952  0.5464240715503693   56.01910836219242   5.251169260355306
/gpfs/slac/kipac/fs1/u/awright/SUBARU//RXJ2129/W-S-Z+_2010-11-04/SCIENCE/SUPA0126015_8OCFSF.fits   83.8439  0.5464240715503693   57.25602810603695   5.367116749101604
/gpfs/slac/kipac/fs1/u/awright/SUBARU//RXJ2129/W-S-Z+_2010-11-04/SCIENCE/SUPA0126015_9OCFSF.fits   85.1051  0.5464240715503693   56.40753250885966   5.287579710264133
/gpfs/slac/kipac/fs1/u/awright/SUBARU//RXJ2129/W-S-Z+_2010-11-04/SCIENCE/SUPA0126016_10OCFSF.fits  87.661   0.5809034876823426   48.252652182021315  5.13341166539282
/gpfs/slac/kipac/fs1/u/awright/SUBARU//RXJ2129/W-S-Z+_2010-11-04/SCIENCE/SUPA0126016_1OCFSF.fits   87.459   0.5809034876823426   48.3640990970417    5.1452680684663665
/gpfs/slac/kipac/fs1/u/awright/SUBARU//RXJ2129/W-S-Z+_2010-11-04/SCIENCE/SUPA0126016_2OCFSF.fits   84.1765  0.5809034876823426   50.25007861966428   5.345910081792424
/gpfs/slac/kipac/fs1/u/awright/SUBARU//RXJ2129/W-S-Z+_2010-11-04/SCIENCE/SUPA0126016_3OCFSF.fits   84.9635  0.5809034876823426   49.78462213689609   5.296391980085566
/gpfs/slac/kipac/fs1/u/awright/SUBARU//RXJ2129/W-S-Z+_2010-11-04/SCIENCE/SUPA0126016_4OCFSF.fits   87.123   0.5809034876823426   48.5506208799992    5.165111394235735
/gpfs/slac/kipac/fs1/u/awright/SUBARU//RXJ2129/W-S-Z+_2010-11-04/SCIENCE/SUPA0126016_5OCFSF.fits   88.629   0.5809034876823426   47.72563994773912   5.077344887113698
/gpfs/slac/kipac/fs1/u/awright/SUBARU//RXJ2129/W-S-Z+_2010-11-04/SCIENCE/SUPA0126016_6OCFSF.fits   87.6285  0.5809034876823426   48.2705483139409    5.135315565141478
/gpfs/slac/kipac/fs1/u/awright/SUBARU//RXJ2129/W-S-Z+_2010-11-04/SCIENCE/SUPA0126016_7OCFSF.fits   84.867   0.5809034876823426   49.84123090162454   5.302414366007989
/gpfs/slac/kipac/fs1/u/awright/SUBARU//RXJ2129/W-S-Z+_2010-11-04/SCIENCE/SUPA0126016_8OCFSF.fits   83.1404  0.5809034876823426   50.876297719618506  5.412531091984162
/gpfs/slac/kipac/fs1/u/awright/SUBARU//RXJ2129/W-S-Z+_2010-11-04/SCIENCE/SUPA0126016_9OCFSF.fits   84.3322  0.5809034876823426   50.15730341350244   5.336040089076296
/gpfs/slac/kipac/fs1/u/awright/SUBARU//RXJ2129/W-S-Z+_2010-11-04/SCIENCE/SUPA0126017_10OCFSF.fits  87.497   0.5976239407062531   45.18010698209436   5.143033475433444
/gpfs/slac/kipac/fs1/u/awright/SUBARU//RXJ2129/W-S-Z+_2010-11-04/SCIENCE/SUPA0126017_1OCFSF.fits   87.6705  0.5976239407062531   45.090695508891926  5.132855407463172
/gpfs/slac/kipac/fs1/u/awright/SUBARU//RXJ2129/W-S-Z+_2010-11-04/SCIENCE/SUPA0126017_2OCFSF.fits   84.0318  0.5976239407062531   47.04318865729771   5.355115563393857
/gpfs/slac/kipac/fs1/u/awright/SUBARU//RXJ2129/W-S-Z+_2010-11-04/SCIENCE/SUPA0126017_3OCFSF.fits   84.9181  0.5976239407062531   46.55219347362117   5.299223604861626
/gpfs/slac/kipac/fs1/u/awright/SUBARU//RXJ2129/W-S-Z+_2010-11-04/SCIENCE/SUPA0126017_4OCFSF.fits   86.9092  0.5976239407062531   45.485677242596985  5.17781776842958
/gpfs/slac/kipac/fs1/u/awright/SUBARU//RXJ2129/W-S-Z+_2010-11-04/SCIENCE/SUPA0126017_5OCFSF.fits   88.6893  0.5976239407062531   44.5727254653302    5.073892792027899
/gpfs/slac/kipac/fs1/u/awright/SUBARU//RXJ2129/W-S-Z+_2010-11-04/SCIENCE/SUPA0126017_6OCFSF.fits   88.5515  0.5976239407062531   44.642087605656705  5.081788563717159
/gpfs/slac/kipac/fs1/u/awright/SUBARU//RXJ2129/W-S-Z+_2010-11-04/SCIENCE/SUPA0126017_7OCFSF.fits   85.1327  0.5976239407062531   46.43484607691651   5.285865478247489
/gpfs/slac/kipac/fs1/u/awright/SUBARU//RXJ2129/W-S-Z+_2010-11-04/SCIENCE/SUPA0126017_8OCFSF.fits   83.1908  0.5976239407062531   47.51876193776607   5.409251984594451
/gpfs/slac/kipac/fs1/u/awright/SUBARU//RXJ2129/W-S-Z+_2010-11-04/SCIENCE/SUPA0126017_9OCFSF.fits   84.1427  0.5976239407062531   46.98118577859172   5.3480575260836645
/gpfs/slac/kipac/fs1/u/awright/SUBARU//RXJ2129/W-S-Z+_2010-11-04/SCIENCE/SUPA0126018_10OCFSF.fits  88.1236  0.5841203236579895   47.39515452058308   5.1064641026921285
/gpfs/slac/kipac/fs1/u/awright/SUBARU//RXJ2129/W-S-Z+_2010-11-04/SCIENCE/SUPA0126018_1OCFSF.fits   88.4771  0.5841203236579895   47.20579267301997   5.086061817125562
/gpfs/slac/kipac/fs1/u/awright/SUBARU//RXJ2129/W-S-Z+_2010-11-04/SCIENCE/SUPA0126018_2OCFSF.fits   84.8476  0.5841203236579895   49.22510052034536   5.303626737821695
/gpfs/slac/kipac/fs1/u/awright/SUBARU//RXJ2129/W-S-Z+_2010-11-04/SCIENCE/SUPA0126018_3OCFSF.fits   85.7618  0.5841203236579895   48.70037288058384   5.2470913623548014
/gpfs/slac/kipac/fs1/u/awright/SUBARU//RXJ2129/W-S-Z+_2010-11-04/SCIENCE/SUPA0126018_4OCFSF.fits   87.4795  0.5841203236579895   47.74411878108648   5.144062323172857
/gpfs/slac/kipac/fs1/u/awright/SUBARU//RXJ2129/W-S-Z+_2010-11-04/SCIENCE/SUPA0126018_5OCFSF.fits   89.1784  0.5841203236579895   46.83456575706735   5.046064966404421
/gpfs/slac/kipac/fs1/u/awright/SUBARU//RXJ2129/W-S-Z+_2010-11-04/SCIENCE/SUPA0126018_6OCFSF.fits   89.1907  0.5841203236579895   46.828106954088874  5.04536907996013
/gpfs/slac/kipac/fs1/u/awright/SUBARU//RXJ2129/W-S-Z+_2010-11-04/SCIENCE/SUPA0126018_7OCFSF.fits   85.6085  0.5841203236579895   48.78758112699153   5.256487381510013
/gpfs/slac/kipac/fs1/u/awright/SUBARU//RXJ2129/W-S-Z+_2010-11-04/SCIENCE/SUPA0126018_8OCFSF.fits   83.7979  0.5841203236579895   49.84172203492039   5.370062972938463
/gpfs/slac/kipac/fs1/u/awright/SUBARU//RXJ2129/W-S-Z+_2010-11-04/SCIENCE/SUPA0126018_9OCFSF.fits   84.9827  0.5841203236579895   49.14684563928959   5.295195375058689
/gpfs/slac/kipac/fs1/u/awright/SUBARU//RXJ2129/W-S-Z+_2010-11-04/SCIENCE/SUPA0126019_10OCFSF.fits  88.3897  0.61155464553833     42.11516696451308   5.091090930278075
/gpfs/slac/kipac/fs1/u/awright/SUBARU//RXJ2129/W-S-Z+_2010-11-04/SCIENCE/SUPA0126019_1OCFSF.fits   88.5717  0.61155464553833     42.028627354371906  5.080629591618993
/gpfs/slac/kipac/fs1/u/awright/SUBARU//RXJ2129/W-S-Z+_2010-11-04/SCIENCE/SUPA0126019_2OCFSF.fits   85.0532  0.61155464553833     43.76727710942354   5.2908062248098835
/gpfs/slac/kipac/fs1/u/awright/SUBARU//RXJ2129/W-S-Z+_2010-11-04/SCIENCE/SUPA0126019_3OCFSF.fits   85.7824  0.61155464553833     43.39522994743936   5.245831312716828
/gpfs/slac/kipac/fs1/u/awright/SUBARU//RXJ2129/W-S-Z+_2010-11-04/SCIENCE/SUPA0126019_4OCFSF.fits   87.6403  0.61155464553833     42.475287892022536  5.134624139807828
/gpfs/slac/kipac/fs1/u/awright/SUBARU//RXJ2129/W-S-Z+_2010-11-04/SCIENCE/SUPA0126019_5OCFSF.fits   89.3841  0.61155464553833     41.64663484269822   5.0344524361715335
/gpfs/slac/kipac/fs1/u/awright/SUBARU//RXJ2129/W-S-Z+_2010-11-04/SCIENCE/SUPA0126019_6OCFSF.fits   89.5339  0.61155464553833     41.576955470980515  5.0260292470226355
/gpfs/slac/kipac/fs1/u/awright/SUBARU//RXJ2129/W-S-Z+_2010-11-04/SCIENCE/SUPA0126019_7OCFSF.fits   85.8023  0.61155464553833     43.38516535621099   5.244614654851909
/gpfs/slac/kipac/fs1/u/awright/SUBARU//RXJ2129/W-S-Z+_2010-11-04/SCIENCE/SUPA0126019_8OCFSF.fits   83.735   0.61155464553833     44.456284390556185  5.374096853167732
/gpfs/slac/kipac/fs1/u/awright/SUBARU//RXJ2129/W-S-Z+_2010-11-04/SCIENCE/SUPA0126019_9OCFSF.fits   85.2702  0.61155464553833     43.65589588676023   5.277341908427563
/gpfs/slac/kipac/fs1/u/awright/SUBARU//RXJ2129/W-S-Z+_2010-11-04/SCIENCE/SUPA0126020_10OCFSF.fits  88.2063  0.6076840782165527   42.92903616389175   5.1016764108686115
/gpfs/slac/kipac/fs1/u/awright/SUBARU//RXJ2129/W-S-Z+_2010-11-04/SCIENCE/SUPA0126020_1OCFSF.fits   88.69    0.6076840782165527   42.69490858702317   5.073852745518097
/gpfs/slac/kipac/fs1/u/awright/SUBARU//RXJ2129/W-S-Z+_2010-11-04/SCIENCE/SUPA0126020_2OCFSF.fits   84.8168  0.6076840782165527   44.64459213956533   5.305552673526943
/gpfs/slac/kipac/fs1/u/awright/SUBARU//RXJ2129/W-S-Z+_2010-11-04/SCIENCE/SUPA0126020_3OCFSF.fits   85.7888  0.6076840782165527   44.13876219953053   5.24543996419113
/gpfs/slac/kipac/fs1/u/awright/SUBARU//RXJ2129/W-S-Z+_2010-11-04/SCIENCE/SUPA0126020_4OCFSF.fits   87.4769  0.6076840782165527   43.2869871084033    5.14421521567408
/gpfs/slac/kipac/fs1/u/awright/SUBARU//RXJ2129/W-S-Z+_2010-11-04/SCIENCE/SUPA0126020_5OCFSF.fits   90.0001  0.6076840782165527   42.07341372490791   4.999994444450617
/gpfs/slac/kipac/fs1/u/awright/SUBARU//RXJ2129/W-S-Z+_2010-11-04/SCIENCE/SUPA0126020_6OCFSF.fits   88.8432  0.6076840782165527   42.621286070099735  5.065103463180074
/gpfs/slac/kipac/fs1/u/awright/SUBARU//RXJ2129/W-S-Z+_2010-11-04/SCIENCE/SUPA0126020_7OCFSF.fits   85.338   0.6076840782165527   44.371926253053566  5.2731491246572455
/gpfs/slac/kipac/fs1/u/awright/SUBARU//RXJ2129/W-S-Z+_2010-11-04/SCIENCE/SUPA0126020_8OCFSF.fits   83.6194  0.6076840782165527   45.28388678444338   5.381526296529274
/gpfs/slac/kipac/fs1/u/awright/SUBARU//RXJ2129/W-S-Z+_2010-11-04/SCIENCE/SUPA0126020_9OCFSF.fits   85.4634  0.6076840782165527   44.30681955764789   5.26541186051573
/gpfs/slac/kipac/fs1/u/awright/SUBARU//RXJ2129/W-S-Z+_2010-11-04/SCIENCE/SUPA0126021_10OCFSF.fits  88.812   0.6457717311382294   39.40908886186551   5.066882853668424
/gpfs/slac/kipac/fs1/u/awright/SUBARU//RXJ2129/W-S-Z+_2010-11-04/SCIENCE/SUPA0126021_1OCFSF.fits   89.2494  0.6457717311382294   39.21594991114787   5.042050702861868
/gpfs/slac/kipac/fs1/u/awright/SUBARU//RXJ2129/W-S-Z+_2010-11-04/SCIENCE/SUPA0126021_2OCFSF.fits   85.4361  0.6457717311382294   40.96628942566433   5.267094354728271
/gpfs/slac/kipac/fs1/u/awright/SUBARU//RXJ2129/W-S-Z+_2010-11-04/SCIENCE/SUPA0126021_3OCFSF.fits   86.1806  0.6457717311382294   40.61238840295844   5.221592794666085
/gpfs/slac/kipac/fs1/u/awright/SUBARU//RXJ2129/W-S-Z+_2010-11-04/SCIENCE/SUPA0126021_4OCFSF.fits   87.8841  0.6457717311382294   39.825178843499565  5.120380137021372
/gpfs/slac/kipac/fs1/u/awright/SUBARU//RXJ2129/W-S-Z+_2010-11-04/SCIENCE/SUPA0126021_5OCFSF.fits   90.124   0.6457717311382294   38.83538236207892   4.993120589410147
/gpfs/slac/kipac/fs1/u/awright/SUBARU//RXJ2129/W-S-Z+_2010-11-04/SCIENCE/SUPA0126021_6OCFSF.fits   89.1841  0.6457717311382294   39.244663566712006  5.045742458577258
/gpfs/slac/kipac/fs1/u/awright/SUBARU//RXJ2129/W-S-Z+_2010-11-04/SCIENCE/SUPA0126021_7OCFSF.fits   86.0036  0.6457717311382294   40.69597086633583   5.232339111386034
/gpfs/slac/kipac/fs1/u/awright/SUBARU//RXJ2129/W-S-Z+_2010-11-04/SCIENCE/SUPA0126021_8OCFSF.fits   83.9     0.6457717311382294   41.71632896305125   5.363528009535161
/gpfs/slac/kipac/fs1/u/awright/SUBARU//RXJ2129/W-S-Z+_2010-11-04/SCIENCE/SUPA0126021_9OCFSF.fits   85.4352  0.6457717311382294   40.966720976833905  5.267149839878646
/gpfs/slac/kipac/fs1/u/awright/SUBARU//RXJ2129/W-S-Z+_2010-11-04/SCIENCE/SUPA0126022_10OCFSF.fits  89.1523  0.638601780653       39.258661862902024  5.047542239515974
/gpfs/slac/kipac/fs1/u/awright/SUBARU//RXJ2129/W-S-Z+_2010-11-04/SCIENCE/SUPA0126022_1OCFSF.fits   89.6283  0.638601780653       39.05016607477772   5.020735638185707
/gpfs/slac/kipac/fs1/u/awright/SUBARU//RXJ2129/W-S-Z+_2010-11-04/SCIENCE/SUPA0126022_2OCFSF.fits   85.6942  0.638601780653       40.842904187214536  5.251230538356155
/gpfs/slac/kipac/fs1/u/awright/SUBARU//RXJ2129/W-S-Z+_2010-11-04/SCIENCE/SUPA0126022_3OCFSF.fits   86.4971  0.638601780653       40.46378433496614   5.20248655735279
/gpfs/slac/kipac/fs1/u/awright/SUBARU//RXJ2129/W-S-Z+_2010-11-04/SCIENCE/SUPA0126022_4OCFSF.fits   88.3202  0.638601780653       39.628533449878965  5.095097157841581
/gpfs/slac/kipac/fs1/u/awright/SUBARU//RXJ2129/W-S-Z+_2010-11-04/SCIENCE/SUPA0126022_5OCFSF.fits   90.2052  0.638601780653       38.800423922345935  4.988625932873049
/gpfs/slac/kipac/fs1/u/awright/SUBARU//RXJ2129/W-S-Z+_2010-11-04/SCIENCE/SUPA0126022_6OCFSF.fits   89.5138  0.638601780653       39.100116406632274  5.027157823709864
/gpfs/slac/kipac/fs1/u/awright/SUBARU//RXJ2129/W-S-Z+_2010-11-04/SCIENCE/SUPA0126022_7OCFSF.fits   86.2117  0.638601780653       40.59773789404455   5.2197091578057275
/gpfs/slac/kipac/fs1/u/awright/SUBARU//RXJ2129/W-S-Z+_2010-11-04/SCIENCE/SUPA0126022_8OCFSF.fits   84.3573  0.638601780653       41.4901852003324    5.3344523828998796
/gpfs/slac/kipac/fs1/u/awright/SUBARU//RXJ2129/W-S-Z+_2010-11-04/SCIENCE/SUPA0126022_9OCFSF.fits   85.5768  0.638601780653       40.898935225434926  5.258434528984491
/gpfs/slac/kipac/fs1/u/awright/SUBARU//RXJ2129/W-S-Z+_2010-11-04/SCIENCE/SUPA0126023_10OCFSF.fits  89.8158  0.6566631438732148   38.96864471507241   5.0102543205093095
/gpfs/slac/kipac/fs1/u/awright/SUBARU//RXJ2129/W-S-Z+_2010-11-04/SCIENCE/SUPA0126023_1OCFSF.fits   89.7992  0.6566631438732148   38.97584833717895   5.0111805004944365
/gpfs/slac/kipac/fs1/u/awright/SUBARU//RXJ2129/W-S-Z+_2010-11-04/SCIENCE/SUPA0126023_2OCFSF.fits   86.1739  0.6566631438732148   40.6155460063894    5.221998772250066
/gpfs/slac/kipac/fs1/u/awright/SUBARU//RXJ2129/W-S-Z+_2010-11-04/SCIENCE/SUPA0126023_3OCFSF.fits   86.9958  0.6566631438732148   40.23182728361599   5.172663507893485
/gpfs/slac/kipac/fs1/u/awright/SUBARU//RXJ2129/W-S-Z+_2010-11-04/SCIENCE/SUPA0126023_4OCFSF.fits   89.0463  0.6566631438732148   39.30539505852573   5.0535507932390225
/gpfs/slac/kipac/fs1/u/awright/SUBARU//RXJ2129/W-S-Z+_2010-11-04/SCIENCE/SUPA0126023_5OCFSF.fits   90.6217  0.6566631438732148   38.62209603218655   4.9656980612811275
/gpfs/slac/kipac/fs1/u/awright/SUBARU//RXJ2129/W-S-Z+_2010-11-04/SCIENCE/SUPA0126023_6OCFSF.fits   90.3096  0.6566631438732148   38.755569729021055  4.98285896515985
/gpfs/slac/kipac/fs1/u/awright/SUBARU//RXJ2129/W-S-Z+_2010-11-04/SCIENCE/SUPA0126023_7OCFSF.fits   86.8614  0.6566631438732148   40.29407769158683   5.180667131775449
/gpfs/slac/kipac/fs1/u/awright/SUBARU//RXJ2129/W-S-Z+_2010-11-04/SCIENCE/SUPA0126023_8OCFSF.fits   84.8738  0.6566631438732148   41.23769643871253   5.301989542120183
/gpfs/slac/kipac/fs1/u/awright/SUBARU//RXJ2129/W-S-Z+_2010-11-04/SCIENCE/SUPA0126023_9OCFSF.fits   86.0453  0.6566631438732148   40.676248441228054  5.229803371015035
/gpfs/slac/kipac/fs1/u/awright/SUBARU//RXJ2129/W-S-Z+_2010-11-04/SCIENCE/SUPA0126024_10OCFSF.fits  89.955   0.6366729264259339   38.9083430604191    5.002501250625313
/gpfs/slac/kipac/fs1/u/awright/SUBARU//RXJ2129/W-S-Z+_2010-11-04/SCIENCE/SUPA0126024_1OCFSF.fits   89.8989  0.6366729264259339   38.93262320228612   5.005622983151073
/gpfs/slac/kipac/fs1/u/awright/SUBARU//RXJ2129/W-S-Z+_2010-11-04/SCIENCE/SUPA0126024_2OCFSF.fits   86.4955  0.6366729264259339   40.464532836968395  5.202582793324508
/gpfs/slac/kipac/fs1/u/awright/SUBARU//RXJ2129/W-S-Z+_2010-11-04/SCIENCE/SUPA0126024_3OCFSF.fits   87.2978  0.6366729264259339   40.09264838289167   5.154769077800357
/gpfs/slac/kipac/fs1/u/awright/SUBARU//RXJ2129/W-S-Z+_2010-11-04/SCIENCE/SUPA0126024_4OCFSF.fits   89.3842  0.6366729264259339   39.15680847398086   5.034446803797539
/gpfs/slac/kipac/fs1/u/awright/SUBARU//RXJ2129/W-S-Z+_2010-11-04/SCIENCE/SUPA0126024_5OCFSF.fits   90.6694  0.6366729264259339   38.60177744641522   4.963085671681957
/gpfs/slac/kipac/fs1/u/awright/SUBARU//RXJ2129/W-S-Z+_2010-11-04/SCIENCE/SUPA0126024_6OCFSF.fits   89.9701  0.6366729264259339   38.901812935630836  5.001661663152536
/gpfs/slac/kipac/fs1/u/awright/SUBARU//RXJ2129/W-S-Z+_2010-11-04/SCIENCE/SUPA0126024_7OCFSF.fits   87.1463  0.6366729264259339   40.16234768429641   5.163730416552395
/gpfs/slac/kipac/fs1/u/awright/SUBARU//RXJ2129/W-S-Z+_2010-11-04/SCIENCE/SUPA0126024_8OCFSF.fits   85.1535  0.6366729264259339   41.10224476973936   5.284574327537917
/gpfs/slac/kipac/fs1/u/awright/SUBARU//RXJ2129/W-S-Z+_2010-11-04/SCIENCE/SUPA0126024_9OCFSF.fits   86.196   0.6366729264259339   40.60513248874658   5.220659891410274
/gpfs/slac/kipac/fs1/u/awright/SUBARU//RXJ2129/W-S-Z+_2010-11-04/SCIENCE/SUPA0126025_10OCFSF.fits  89.7905  0.6488308653831483   38.979624793268776  5.011666044848843
/gpfs/slac/kipac/fs1/u/awright/SUBARU//RXJ2129/W-S-Z+_2010-11-04/SCIENCE/SUPA0126025_1OCFSF.fits   90.2492  0.6488308653831483   38.781507204495995  4.9861937834351995
/gpfs/slac/kipac/fs1/u/awright/SUBARU//RXJ2129/W-S-Z+_2010-11-04/SCIENCE/SUPA0126025_2OCFSF.fits   86.4839  0.6488308653831483   40.46996030475036   5.2032806106107605
/gpfs/slac/kipac/fs1/u/awright/SUBARU//RXJ2129/W-S-Z+_2010-11-04/SCIENCE/SUPA0126025_3OCFSF.fits   87.3195  0.6488308653831483   40.08268485275339   5.153488052496865
/gpfs/slac/kipac/fs1/u/awright/SUBARU//RXJ2129/W-S-Z+_2010-11-04/SCIENCE/SUPA0126025_4OCFSF.fits   89.7041  0.6488308653831483   39.01716866899061   5.016493114584506
/gpfs/slac/kipac/fs1/u/awright/SUBARU//RXJ2129/W-S-Z+_2010-11-04/SCIENCE/SUPA0126025_5OCFSF.fits   90.9622  0.6488308653831483   38.47752143197944   4.947109898397357
/gpfs/slac/kipac/fs1/u/awright/SUBARU//RXJ2129/W-S-Z+_2010-11-04/SCIENCE/SUPA0126025_6OCFSF.fits   90.2636  0.6488308653831483   38.77532028414555   4.985398322247285
/gpfs/slac/kipac/fs1/u/awright/SUBARU//RXJ2129/W-S-Z+_2010-11-04/SCIENCE/SUPA0126025_7OCFSF.fits   87.2053  0.6488308653831483   40.135175270310405  5.160236820468481
/gpfs/slac/kipac/fs1/u/awright/SUBARU//RXJ2129/W-S-Z+_2010-11-04/SCIENCE/SUPA0126025_8OCFSF.fits   85.0501  0.6488308653831483   41.15221498857732   5.290999069959941
/gpfs/slac/kipac/fs1/u/awright/SUBARU//RXJ2129/W-S-Z+_2010-11-04/SCIENCE/SUPA0126025_9OCFSF.fits   86.2017  0.6488308653831483   40.602447515536234  5.220314680568944
/gpfs/slac/kipac/fs1/u/awright/SUBARU//RXJ2129/W-S-Z+_2010-11-04/SCIENCE/SUPA0126026_10OCFSF.fits  90.3479  0.6859991815090181   38.73914058876853   4.980746647127383
/gpfs/slac/kipac/fs1/u/awright/SUBARU//RXJ2129/W-S-Z+_2010-11-04/SCIENCE/SUPA0126026_1OCFSF.fits   90.3714  0.6859991815090181   38.7290669393193    4.979451463626767
/gpfs/slac/kipac/fs1/u/awright/SUBARU//RXJ2129/W-S-Z+_2010-11-04/SCIENCE/SUPA0126026_2OCFSF.fits   86.7906  0.6859991815090181   40.32694784919104   5.184893294895991
/gpfs/slac/kipac/fs1/u/awright/SUBARU//RXJ2129/W-S-Z+_2010-11-04/SCIENCE/SUPA0126026_3OCFSF.fits   87.7069  0.6859991815090181   39.9056402631948    5.130725176696474
/gpfs/slac/kipac/fs1/u/awright/SUBARU//RXJ2129/W-S-Z+_2010-11-04/SCIENCE/SUPA0126026_4OCFSF.fits   89.8062  0.6859991815090181   38.97281034048874   5.010789900919981
/gpfs/slac/kipac/fs1/u/awright/SUBARU//RXJ2129/W-S-Z+_2010-11-04/SCIENCE/SUPA0126026_5OCFSF.fits   91.1889  0.6859991815090181   38.38186445938047   4.934811144777489
/gpfs/slac/kipac/fs1/u/awright/SUBARU//RXJ2129/W-S-Z+_2010-11-04/SCIENCE/SUPA0126026_6OCFSF.fits   90.5066  0.6859991815090181   38.671212928117946  4.972013090758022
/gpfs/slac/kipac/fs1/u/awright/SUBARU//RXJ2129/W-S-Z+_2010-11-04/SCIENCE/SUPA0126026_7OCFSF.fits   87.6432  0.6859991815090181   39.93464410245176   5.134454241743798
/gpfs/slac/kipac/fs1/u/awright/SUBARU//RXJ2129/W-S-Z+_2010-11-04/SCIENCE/SUPA0126026_8OCFSF.fits   85.528   0.6859991815090181   40.92227106912356   5.261434851744458
/gpfs/slac/kipac/fs1/u/awright/SUBARU//RXJ2129/W-S-Z+_2010-11-04/SCIENCE/SUPA0126026_9OCFSF.fits   87.1741  0.6859991815090181   40.14953982891708   5.162083692289339
/gpfs/slac/kipac/fs1/u/awright/SUBARU//RXJ2129/W-S-Z+_2010-11-04/SCIENCE/SUPA0126027_10OCFSF.fits  90.6663  0.7240485467910767   38.60309729193757   4.963255366106259
/gpfs/slac/kipac/fs1/u/awright/SUBARU//RXJ2129/W-S-Z+_2010-11-04/SCIENCE/SUPA0126027_1OCFSF.fits   90.424   0.7240485467910767   38.706538087233476  4.976554896930018
/gpfs/slac/kipac/fs1/u/awright/SUBARU//RXJ2129/W-S-Z+_2010-11-04/SCIENCE/SUPA0126027_2OCFSF.fits   87.0627  0.7240485467910767   40.200912675577484  5.168688772574248
/gpfs/slac/kipac/fs1/u/awright/SUBARU//RXJ2129/W-S-Z+_2010-11-04/SCIENCE/SUPA0126027_3OCFSF.fits   87.9559  0.7240485467910767   39.79266882608216   5.116200277639135
/gpfs/slac/kipac/fs1/u/awright/SUBARU//RXJ2129/W-S-Z+_2010-11-04/SCIENCE/SUPA0126027_4OCFSF.fits   90.3872  0.7240485467910767   38.72229696240175   4.978581038023083
/gpfs/slac/kipac/fs1/u/awright/SUBARU//RXJ2129/W-S-Z+_2010-11-04/SCIENCE/SUPA0126027_5OCFSF.fits   91.7112  0.7240485467910767   38.1632777676009    4.906707141548687
/gpfs/slac/kipac/fs1/u/awright/SUBARU//RXJ2129/W-S-Z+_2010-11-04/SCIENCE/SUPA0126027_6OCFSF.fits   90.8731  0.7240485467910767   38.51524818675714   4.951960481154489
/gpfs/slac/kipac/fs1/u/awright/SUBARU//RXJ2129/W-S-Z+_2010-11-04/SCIENCE/SUPA0126027_7OCFSF.fits   87.8809  0.7240485467910767   39.82662899446865   5.120566585003112
/gpfs/slac/kipac/fs1/u/awright/SUBARU//RXJ2129/W-S-Z+_2010-11-04/SCIENCE/SUPA0126027_8OCFSF.fits   85.8812  0.7240485467910767   40.75397176564836   5.239796369869074
/gpfs/slac/kipac/fs1/u/awright/SUBARU//RXJ2129/W-S-Z+_2010-11-04/SCIENCE/SUPA0126027_9OCFSF.fits   87.2044  0.7240485467910767   40.135589488603785  5.1602900771062
/gpfs/slac/kipac/fs1/u/awright/SUBARU//RXJ2129/W-S-Z+_2010-11-04/SCIENCE/SUPA0126028_10OCFSF.fits  90.2407  0.7027573442459107   38.785160132844716  4.986663445651463
/gpfs/slac/kipac/fs1/u/awright/SUBARU//RXJ2129/W-S-Z+_2010-11-04/SCIENCE/SUPA0126028_1OCFSF.fits   90.6827  0.7027573442459107   38.59611590744431   4.962357759528554
/gpfs/slac/kipac/fs1/u/awright/SUBARU//RXJ2129/W-S-Z+_2010-11-04/SCIENCE/SUPA0126028_2OCFSF.fits   87.1844  0.7027573442459107   40.14479654617111   5.1614738416505705
/gpfs/slac/kipac/fs1/u/awright/SUBARU//RXJ2129/W-S-Z+_2010-11-04/SCIENCE/SUPA0126028_3OCFSF.fits   88.0329  0.7027573442459107   39.75786325339731   5.111725275436797
/gpfs/slac/kipac/fs1/u/awright/SUBARU//RXJ2129/W-S-Z+_2010-11-04/SCIENCE/SUPA0126028_4OCFSF.fits   90.101   0.7027573442459107   38.845295834674424  4.994395178743854
/gpfs/slac/kipac/fs1/u/awright/SUBARU//RXJ2129/W-S-Z+_2010-11-04/SCIENCE/SUPA0126028_5OCFSF.fits   91.6413  0.7027573442459107   38.19238705692739   4.910449764462093
/gpfs/slac/kipac/fs1/u/awright/SUBARU//RXJ2129/W-S-Z+_2010-11-04/SCIENCE/SUPA0126028_6OCFSF.fits   91.3217  0.7027573442459107   38.32604955886717   4.927634943282921
/gpfs/slac/kipac/fs1/u/awright/SUBARU//RXJ2129/W-S-Z+_2010-11-04/SCIENCE/SUPA0126028_7OCFSF.fits   87.9735  0.7027573442459107   39.78470789499111   5.1151767293559995
/gpfs/slac/kipac/fs1/u/awright/SUBARU//RXJ2129/W-S-Z+_2010-11-04/SCIENCE/SUPA0126028_8OCFSF.fits   85.8053  0.7027573442459107   40.790021129230944  5.2444312880439785
/gpfs/slac/kipac/fs1/u/awright/SUBARU//RXJ2129/W-S-Z+_2010-11-04/SCIENCE/SUPA0126028_9OCFSF.fits   87.2798  0.7027573442459107   40.10091682153259   5.155832162768476
/gpfs/slac/kipac/fs1/u/awright/SUBARU//RXJ2129/W-S-Z+_2010-11-04/SCIENCE/SUPA0126029_10OCFSF.fits  90.9725  0.6955636024475098   38.47316496743522   4.946549781527385
/gpfs/slac/kipac/fs1/u/awright/SUBARU//RXJ2129/W-S-Z+_2010-11-04/SCIENCE/SUPA0126029_1OCFSF.fits   91.2944  0.6955636024475098   38.33751029635991   4.929108466674846
/gpfs/slac/kipac/fs1/u/awright/SUBARU//RXJ2129/W-S-Z+_2010-11-04/SCIENCE/SUPA0126029_2OCFSF.fits   87.5912  0.6955636024475098   39.95835198056426   5.137502397501119
/gpfs/slac/kipac/fs1/u/awright/SUBARU//RXJ2129/W-S-Z+_2010-11-04/SCIENCE/SUPA0126029_3OCFSF.fits   88.6035  0.6955636024475098   39.50182554865214   5.078806141969562
/gpfs/slac/kipac/fs1/u/awright/SUBARU//RXJ2129/W-S-Z+_2010-11-04/SCIENCE/SUPA0126029_4OCFSF.fits   90.8956  0.6955636024475098   38.505714247994405  4.950734689027851
/gpfs/slac/kipac/fs1/u/awright/SUBARU//RXJ2129/W-S-Z+_2010-11-04/SCIENCE/SUPA0126029_5OCFSF.fits   92.3788  0.6955636024475098   37.88748067738486   4.871247515663767
/gpfs/slac/kipac/fs1/u/awright/SUBARU//RXJ2129/W-S-Z+_2010-11-04/SCIENCE/SUPA0126029_6OCFSF.fits   92.0184  0.6955636024475098   38.035871086652236  4.890326282569573
/gpfs/slac/kipac/fs1/u/awright/SUBARU//RXJ2129/W-S-Z+_2010-11-04/SCIENCE/SUPA0126029_7OCFSF.fits   88.3663  0.6955636024475098   39.607859557319934  5.092439085941134
/gpfs/slac/kipac/fs1/u/awright/SUBARU//RXJ2129/W-S-Z+_2010-11-04/SCIENCE/SUPA0126029_8OCFSF.fits   86.3668  0.6955636024475098   40.52483130091656   5.210335452974986
/gpfs/slac/kipac/fs1/u/awright/SUBARU//RXJ2129/W-S-Z+_2010-11-04/SCIENCE/SUPA0126029_9OCFSF.fits   87.9697  0.6955636024475098   39.78642646274797   5.1153976880675955
/gpfs/slac/kipac/fs1/u/awright/SUBARU//RXJ2129/W-S-Z+_2010-11-04/SCIENCE/SUPA0126030_10OCFSF.fits  90.7267  0.7724054262638093   38.5773978332729    4.9599511499922295
/gpfs/slac/kipac/fs1/u/awright/SUBARU//RXJ2129/W-S-Z+_2010-11-04/SCIENCE/SUPA0126030_1OCFSF.fits   90.7349  0.7724054262638093   38.57391147177106   4.959502903513422
/gpfs/slac/kipac/fs1/u/awright/SUBARU//RXJ2129/W-S-Z+_2010-11-04/SCIENCE/SUPA0126030_2OCFSF.fits   87.3327  0.7724054262638093   40.0766265098869    5.152709122699744
/gpfs/slac/kipac/fs1/u/awright/SUBARU//RXJ2129/W-S-Z+_2010-11-04/SCIENCE/SUPA0126030_3OCFSF.fits   88.2648  0.7724054262638093   39.653406567510494  5.098295130108492
/gpfs/slac/kipac/fs1/u/awright/SUBARU//RXJ2129/W-S-Z+_2010-11-04/SCIENCE/SUPA0126030_4OCFSF.fits   90.4082  0.7724054262638093   38.71330255441431   4.977424614138983
/gpfs/slac/kipac/fs1/u/awright/SUBARU//RXJ2129/W-S-Z+_2010-11-04/SCIENCE/SUPA0126030_5OCFSF.fits   92.6298  0.7724054262638093   37.784816549317824  4.858047842055148
/gpfs/slac/kipac/fs1/u/awright/SUBARU//RXJ2129/W-S-Z+_2010-11-04/SCIENCE/SUPA0126030_6OCFSF.fits   91.1272  0.7724054262638093   38.40785188176527   4.938152384798392
/gpfs/slac/kipac/fs1/u/awright/SUBARU//RXJ2129/W-S-Z+_2010-11-04/SCIENCE/SUPA0126030_7OCFSF.fits   87.8918  0.7724054262638093   39.821689850475245  5.119931552203959
/gpfs/slac/kipac/fs1/u/awright/SUBARU//RXJ2129/W-S-Z+_2010-11-04/SCIENCE/SUPA0126030_8OCFSF.fits   85.8068  0.7724054262638093   40.78930807348602   5.244339609448202
/gpfs/slac/kipac/fs1/u/awright/SUBARU//RXJ2129/W-S-Z+_2010-11-04/SCIENCE/SUPA0126030_9OCFSF.fits   87.9268  0.7724054262638093   39.80583849292821   5.117893520519341
