#files                                                                                   rms      seeing              dt                  ft
/nfs/slac/g/ki/ki18/anja/SUBARU/Zw2089/W-S-I+_2007-02-13/SCIENCE/SUPA0051503_10OCF.fits  81.836   0.7500000000000004  42.768463756781856  5.49880248301481
/nfs/slac/g/ki/ki18/anja/SUBARU/Zw2089/W-S-I+_2007-02-13/SCIENCE/SUPA0051503_1OCF.fits   81.7598  0.7500000000000004  42.80832389511716   5.503927357943635
/nfs/slac/g/ki/ki18/anja/SUBARU/Zw2089/W-S-I+_2007-02-13/SCIENCE/SUPA0051503_2OCF.fits   77.9417  0.7500000000000004  44.90535874891105   5.773546124859991
/nfs/slac/g/ki/ki18/anja/SUBARU/Zw2089/W-S-I+_2007-02-13/SCIENCE/SUPA0051503_3OCF.fits   78.1154  0.7500000000000004  44.805505700540486  5.760707875783777
/nfs/slac/g/ki/ki18/anja/SUBARU/Zw2089/W-S-I+_2007-02-13/SCIENCE/SUPA0051503_4OCF.fits   79.5672  0.7500000000000004  43.98797494444947   5.655596778572075
/nfs/slac/g/ki/ki18/anja/SUBARU/Zw2089/W-S-I+_2007-02-13/SCIENCE/SUPA0051503_5OCF.fits   82.7339  0.7500000000000004  42.3043033146026    5.439124711877477
/nfs/slac/g/ki/ki18/anja/SUBARU/Zw2089/W-S-I+_2007-02-13/SCIENCE/SUPA0051503_6OCF.fits   93.0384  0.7500000000000004  37.61887564704466   4.836712583191456
/nfs/slac/g/ki/ki18/anja/SUBARU/Zw2089/W-S-I+_2007-02-13/SCIENCE/SUPA0051503_7OCF.fits   78.3629  0.7500000000000004  44.66399278229877   5.742513357724127
/nfs/slac/g/ki/ki18/anja/SUBARU/Zw2089/W-S-I+_2007-02-13/SCIENCE/SUPA0051503_8OCF.fits   77.3176  0.7500000000000004  45.26783035169224   5.8201496166461455
/nfs/slac/g/ki/ki18/anja/SUBARU/Zw2089/W-S-I+_2007-02-13/SCIENCE/SUPA0051503_9OCF.fits   78.7084  0.7500000000000004  44.46793480746655   5.717305903817127
/nfs/slac/g/ki/ki18/anja/SUBARU/Zw2089/W-S-I+_2007-02-13/SCIENCE/SUPA0051504_10OCF.fits  81.6871  0.8400000000000005  42.84642250734816   5.508825750944763
/nfs/slac/g/ki/ki18/anja/SUBARU/Zw2089/W-S-I+_2007-02-13/SCIENCE/SUPA0051504_1OCF.fits   81.6455  0.8400000000000005  42.86825360858835   5.511632606818502
/nfs/slac/g/ki/ki18/anja/SUBARU/Zw2089/W-S-I+_2007-02-13/SCIENCE/SUPA0051504_2OCF.fits   77.6986  0.8400000000000005  45.04585668210238   5.7916101448417345
/nfs/slac/g/ki/ki18/anja/SUBARU/Zw2089/W-S-I+_2007-02-13/SCIENCE/SUPA0051504_3OCF.fits   78.0371  0.8400000000000005  44.85046215197644   5.766487990968399
/nfs/slac/g/ki/ki18/anja/SUBARU/Zw2089/W-S-I+_2007-02-13/SCIENCE/SUPA0051504_4OCF.fits   79.2739  0.8400000000000005  44.15072299962535   5.676521528523259
/nfs/slac/g/ki/ki18/anja/SUBARU/Zw2089/W-S-I+_2007-02-13/SCIENCE/SUPA0051504_5OCF.fits   82.8985  0.8400000000000005  42.22030555438277   5.428324999849213
/nfs/slac/g/ki/ki18/anja/SUBARU/Zw2089/W-S-I+_2007-02-13/SCIENCE/SUPA0051504_6OCF.fits   93.1922  0.8400000000000005  37.556791233601096  4.828730301462998
/nfs/slac/g/ki/ki18/anja/SUBARU/Zw2089/W-S-I+_2007-02-13/SCIENCE/SUPA0051504_7OCF.fits   78.2728  0.8400000000000005  44.71540560705635   5.749123578050101
/nfs/slac/g/ki/ki18/anja/SUBARU/Zw2089/W-S-I+_2007-02-13/SCIENCE/SUPA0051504_8OCF.fits   77.1922  0.8400000000000005  45.34136868750988   5.829604545536984
/nfs/slac/g/ki/ki18/anja/SUBARU/Zw2089/W-S-I+_2007-02-13/SCIENCE/SUPA0051504_9OCF.fits   78.4636  0.8400000000000005  44.60667111883727   5.735143429564792
/nfs/slac/g/ki/ki18/anja/SUBARU/Zw2089/W-S-I+_2007-02-13/SCIENCE/SUPA0051505_10OCF.fits  79.4474  0.9450000000000005  44.05430511256504   5.664124943044077
/nfs/slac/g/ki/ki18/anja/SUBARU/Zw2089/W-S-I+_2007-02-13/SCIENCE/SUPA0051505_1OCF.fits   80.1507  0.9450000000000005  43.667740893092635  5.61442382911191
/nfs/slac/g/ki/ki18/anja/SUBARU/Zw2089/W-S-I+_2007-02-13/SCIENCE/SUPA0051505_2OCF.fits   76.0181  0.9450000000000005  46.04166639260912   5.919642821906888
/nfs/slac/g/ki/ki18/anja/SUBARU/Zw2089/W-S-I+_2007-02-13/SCIENCE/SUPA0051505_3OCF.fits   76.3346  0.9450000000000005  45.850767541848654  5.89509868395197
/nfs/slac/g/ki/ki18/anja/SUBARU/Zw2089/W-S-I+_2007-02-13/SCIENCE/SUPA0051505_4OCF.fits   77.2167  0.9450000000000005  45.3269823755742    5.827754876859539
/nfs/slac/g/ki/ki18/anja/SUBARU/Zw2089/W-S-I+_2007-02-13/SCIENCE/SUPA0051505_5OCF.fits   80.6535  0.9450000000000005  43.39551290396573   5.579423087652737
/nfs/slac/g/ki/ki18/anja/SUBARU/Zw2089/W-S-I+_2007-02-13/SCIENCE/SUPA0051505_6OCF.fits   90.7072  0.9450000000000005  38.5856911028011    4.961017427502998
/nfs/slac/g/ki/ki18/anja/SUBARU/Zw2089/W-S-I+_2007-02-13/SCIENCE/SUPA0051505_7OCF.fits   76.355   0.9450000000000005  45.83851745137843   5.893523672320083
/nfs/slac/g/ki/ki18/anja/SUBARU/Zw2089/W-S-I+_2007-02-13/SCIENCE/SUPA0051505_8OCF.fits   75.2305  0.9450000000000005  46.523683878214285  5.981616498627551
/nfs/slac/g/ki/ki18/anja/SUBARU/Zw2089/W-S-I+_2007-02-13/SCIENCE/SUPA0051505_9OCF.fits   76.6002  0.9450000000000005  45.69178670551774   5.874658290709424
/nfs/slac/g/ki/ki18/anja/SUBARU/Zw2089/W-S-I+_2007-02-13/SCIENCE/SUPA0051506_10OCF.fits  77.9972  1.0050000000000006  44.873405711999915  5.769437877257132
/nfs/slac/g/ki/ki18/anja/SUBARU/Zw2089/W-S-I+_2007-02-13/SCIENCE/SUPA0051506_1OCF.fits   78.818   1.0050000000000006  44.40610012941207   5.7093557309244085
/nfs/slac/g/ki/ki18/anja/SUBARU/Zw2089/W-S-I+_2007-02-13/SCIENCE/SUPA0051506_2OCF.fits   74.4543  1.0050000000000006  47.00870198228981   6.043975969151546
/nfs/slac/g/ki/ki18/anja/SUBARU/Zw2089/W-S-I+_2007-02-13/SCIENCE/SUPA0051506_3OCF.fits   74.7896  1.0050000000000006  46.79795051718421   6.016879352209399
/nfs/slac/g/ki/ki18/anja/SUBARU/Zw2089/W-S-I+_2007-02-13/SCIENCE/SUPA0051506_4OCF.fits   75.6318  1.0050000000000006  46.27683064531057   5.949878225825645
/nfs/slac/g/ki/ki18/anja/SUBARU/Zw2089/W-S-I+_2007-02-13/SCIENCE/SUPA0051506_5OCF.fits   78.8001  1.0050000000000006  44.416187289102425  5.710652651456026
/nfs/slac/g/ki/ki18/anja/SUBARU/Zw2089/W-S-I+_2007-02-13/SCIENCE/SUPA0051506_6OCF.fits   90.0101  1.0050000000000006  38.88452518106302   4.999438951850959
/nfs/slac/g/ki/ki18/anja/SUBARU/Zw2089/W-S-I+_2007-02-13/SCIENCE/SUPA0051506_7OCF.fits   75.0671  1.0050000000000006  46.62495287549406   5.994636798277808
/nfs/slac/g/ki/ki18/anja/SUBARU/Zw2089/W-S-I+_2007-02-13/SCIENCE/SUPA0051506_8OCF.fits   73.6861  1.0050000000000006  47.49878199551883   6.106986256566707
/nfs/slac/g/ki/ki18/anja/SUBARU/Zw2089/W-S-I+_2007-02-13/SCIENCE/SUPA0051506_9OCF.fits   75.1181  1.0050000000000006  46.593297753803675  5.990566854060473
/nfs/slac/g/ki/ki18/anja/SUBARU/Zw2089/W-S-I+_2007-02-13/SCIENCE/SUPA0051610_10OCF.fits  83.6518  0.9300000000000006  41.840103859092096  5.379441924740412
/nfs/slac/g/ki/ki18/anja/SUBARU/Zw2089/W-S-I+_2007-02-13/SCIENCE/SUPA0051610_1OCF.fits   83.8219  0.9300000000000006  41.75519762735037   5.368525409230762
/nfs/slac/g/ki/ki18/anja/SUBARU/Zw2089/W-S-I+_2007-02-13/SCIENCE/SUPA0051610_2OCF.fits   79.5731  0.9300000000000006  43.984713427024964  5.6551774406174955
/nfs/slac/g/ki/ki18/anja/SUBARU/Zw2089/W-S-I+_2007-02-13/SCIENCE/SUPA0051610_3OCF.fits   79.9576  0.9300000000000006  43.77319979589182   5.627982830900377
/nfs/slac/g/ki/ki18/anja/SUBARU/Zw2089/W-S-I+_2007-02-13/SCIENCE/SUPA0051610_4OCF.fits   80.8374  0.9300000000000006  43.2967908418628    5.566730251096645
/nfs/slac/g/ki/ki18/anja/SUBARU/Zw2089/W-S-I+_2007-02-13/SCIENCE/SUPA0051610_5OCF.fits   85.3173  0.9300000000000006  41.0233328996581    5.274428515670327
/nfs/slac/g/ki/ki18/anja/SUBARU/Zw2089/W-S-I+_2007-02-13/SCIENCE/SUPA0051610_6OCF.fits   94.2204  0.9300000000000006  36.75682941890604   4.725878068145062
/nfs/slac/g/ki/ki18/anja/SUBARU/Zw2089/W-S-I+_2007-02-13/SCIENCE/SUPA0051610_7OCF.fits   80.0311  0.9300000000000006  43.73299879671778   5.622814131006572
/nfs/slac/g/ki/ki18/anja/SUBARU/Zw2089/W-S-I+_2007-02-13/SCIENCE/SUPA0051610_8OCF.fits   78.8518  0.9300000000000006  44.387065355515034  5.706908402851933
/nfs/slac/g/ki/ki18/anja/SUBARU/Zw2089/W-S-I+_2007-02-13/SCIENCE/SUPA0051610_9OCF.fits   80.5305  0.9300000000000006  43.461793978678884  5.5879449401158565
/nfs/slac/g/ki/ki18/anja/SUBARU/Zw2089/W-S-I+_2007-02-13/SCIENCE/SUPA0051611_10OCF.fits  82.5584  1.1850000000000007  42.39423244636524   5.450687028818388
/nfs/slac/g/ki/ki18/anja/SUBARU/Zw2089/W-S-I+_2007-02-13/SCIENCE/SUPA0051611_1OCF.fits   82.2547  1.1850000000000007  42.55076001736071   5.470812002232091
/nfs/slac/g/ki/ki18/anja/SUBARU/Zw2089/W-S-I+_2007-02-13/SCIENCE/SUPA0051611_2OCF.fits   78.1616  1.1850000000000007  44.77902192380913   5.757302818775459
/nfs/slac/g/ki/ki18/anja/SUBARU/Zw2089/W-S-I+_2007-02-13/SCIENCE/SUPA0051611_3OCF.fits   78.5238  1.1850000000000007  44.57247356852318   5.730746601667265
/nfs/slac/g/ki/ki18/anja/SUBARU/Zw2089/W-S-I+_2007-02-13/SCIENCE/SUPA0051611_4OCF.fits   79.7622  1.1850000000000007  43.88043459182419   5.641770161805968
/nfs/slac/g/ki/ki18/anja/SUBARU/Zw2089/W-S-I+_2007-02-13/SCIENCE/SUPA0051611_5OCF.fits   83.7563  1.1850000000000007  41.78790132801951   5.372730170745365
/nfs/slac/g/ki/ki18/anja/SUBARU/Zw2089/W-S-I+_2007-02-13/SCIENCE/SUPA0051611_6OCF.fits   93.1322  1.1850000000000007  37.58098702704328   4.8318411891912785
/nfs/slac/g/ki/ki18/anja/SUBARU/Zw2089/W-S-I+_2007-02-13/SCIENCE/SUPA0051611_7OCF.fits   78.6844  1.1850000000000007  44.48149823853267   5.719049773525629
/nfs/slac/g/ki/ki18/anja/SUBARU/Zw2089/W-S-I+_2007-02-13/SCIENCE/SUPA0051611_8OCF.fits   77.2507  1.1850000000000007  45.30703281653111   5.825189933554
/nfs/slac/g/ki/ki18/anja/SUBARU/Zw2089/W-S-I+_2007-02-13/SCIENCE/SUPA0051611_9OCF.fits   78.9896  1.1850000000000007  44.30963063491903   5.696952510203875
/nfs/slac/g/ki/ki18/anja/SUBARU/Zw2089/W-S-I+_2007-02-13/SCIENCE/SUPA0051612_10OCF.fits  81.1971  1.0650000000000006  43.10498773970991   5.542069852248417
/nfs/slac/g/ki/ki18/anja/SUBARU/Zw2089/W-S-I+_2007-02-13/SCIENCE/SUPA0051612_1OCF.fits   81.601   1.0650000000000006  42.89163123000944   5.514638301001213
/nfs/slac/g/ki/ki18/anja/SUBARU/Zw2089/W-S-I+_2007-02-13/SCIENCE/SUPA0051612_2OCF.fits   77.3748  1.0650000000000006  45.2343657107999    5.815847019959987
/nfs/slac/g/ki/ki18/anja/SUBARU/Zw2089/W-S-I+_2007-02-13/SCIENCE/SUPA0051612_3OCF.fits   77.7515  1.0650000000000006  45.015208709799815  5.7876696912599765
/nfs/slac/g/ki/ki18/anja/SUBARU/Zw2089/W-S-I+_2007-02-13/SCIENCE/SUPA0051612_4OCF.fits   78.7748  1.0650000000000006  44.4304523781717    5.712486734336362
/nfs/slac/g/ki/ki18/anja/SUBARU/Zw2089/W-S-I+_2007-02-13/SCIENCE/SUPA0051612_5OCF.fits   82.3143  1.0650000000000006  42.51995096842225   5.466850838797147
/nfs/slac/g/ki/ki18/anja/SUBARU/Zw2089/W-S-I+_2007-02-13/SCIENCE/SUPA0051612_6OCF.fits   92.3128  1.0650000000000006  37.9145687271971    4.874730264925341
/nfs/slac/g/ki/ki18/anja/SUBARU/Zw2089/W-S-I+_2007-02-13/SCIENCE/SUPA0051612_7OCF.fits   77.6277  1.0650000000000006  45.086998584268244  5.796899817977345
/nfs/slac/g/ki/ki18/anja/SUBARU/Zw2089/W-S-I+_2007-02-13/SCIENCE/SUPA0051612_8OCF.fits   76.6082  1.0650000000000006  45.68701522813485   5.8740448150459095
/nfs/slac/g/ki/ki18/anja/SUBARU/Zw2089/W-S-I+_2007-02-13/SCIENCE/SUPA0051612_9OCF.fits   78.0814  1.0650000000000006  44.825015944898524  5.763216335772668
/nfs/slac/g/ki/ki18/anja/SUBARU/Zw2089/W-S-I+_2007-02-13/SCIENCE/SUPA0051613_10OCF.fits  82.2975  1.3650000000000009  42.52863088186154   5.4679668276679125
/nfs/slac/g/ki/ki18/anja/SUBARU/Zw2089/W-S-I+_2007-02-13/SCIENCE/SUPA0051613_1OCF.fits   82.2912  1.3650000000000009  42.53188676310468   5.468385440970602
/nfs/slac/g/ki/ki18/anja/SUBARU/Zw2089/W-S-I+_2007-02-13/SCIENCE/SUPA0051613_2OCF.fits   78.0889  1.3650000000000009  44.82071075402522   5.762662811231815
/nfs/slac/g/ki/ki18/anja/SUBARU/Zw2089/W-S-I+_2007-02-13/SCIENCE/SUPA0051613_3OCF.fits   78.2586  1.3650000000000009  44.72351920427914   5.75016675483589
/nfs/slac/g/ki/ki18/anja/SUBARU/Zw2089/W-S-I+_2007-02-13/SCIENCE/SUPA0051613_4OCF.fits   79.7424  1.3650000000000009  43.89133008286683   5.6431710106543065
/nfs/slac/g/ki/ki18/anja/SUBARU/Zw2089/W-S-I+_2007-02-13/SCIENCE/SUPA0051613_5OCF.fits   83.7343  1.3650000000000009  41.79888050655466   5.37414177941417
/nfs/slac/g/ki/ki18/anja/SUBARU/Zw2089/W-S-I+_2007-02-13/SCIENCE/SUPA0051613_6OCF.fits   93.2573  1.3650000000000009  37.530574014045015  4.825359516091502
/nfs/slac/g/ki/ki18/anja/SUBARU/Zw2089/W-S-I+_2007-02-13/SCIENCE/SUPA0051613_7OCF.fits   78.4871  1.3650000000000009  44.59331533462187   5.733426257308526
/nfs/slac/g/ki/ki18/anja/SUBARU/Zw2089/W-S-I+_2007-02-13/SCIENCE/SUPA0051613_8OCF.fits   77.3331  1.3650000000000009  45.25875724625031   5.818983074517897
/nfs/slac/g/ki/ki18/anja/SUBARU/Zw2089/W-S-I+_2007-02-13/SCIENCE/SUPA0051613_9OCF.fits   78.8106  1.3650000000000009  44.410269684534825  5.709891816583049
