#      name         ra(2000.0)  dec(2000.0)   g   gerr   r   rerr   i   ierr    z     zerr
J122643.4+215225 12 26 43.425 +21 52 25.193 22.57 0.03 20.42 0.03 20.14 0.03 0.43680 0.00050
J122643.2+215242 12 26 43.293 +21 52 42.593 22.61 0.03 20.70 0.03 20.45 0.03 0.40070 0.00040
J122643.1+215300 12 26 43.162 +21 53 00.858 22.05 0.03 20.30 0.03 20.05 0.03 0.42490 0.00070
J122643.9+215213 12 26 43.916 +21 52 13.891 23.09 0.03 21.14 0.03 20.87 0.03 0.43200 0.00060
J122644.7+215209 12 26 44.799 +21 52 09.517 22.80 0.03 21.25 0.03 21.07 0.03 0.43190 0.00080
J122645.1+215249 12 26 45.150 +21 52 49.631 22.16 0.03 19.99 0.03 19.72 0.03 0.42790 0.00050
J122646.2+215125 12 26 46.234 +21 51 25.201 21.91 0.03 19.94 0.03 19.62 0.03 0.43460 0.00010
J122645.9+215346 12 26 45.919 +21 53 46.300 23.38 0.03 21.06 0.03 20.31 0.03 0.43390 0.00010
J122647.9+215058 12 26 47.988 +21 50 58.710 22.80 0.03 20.66 0.03 20.34 0.03 0.43750 0.00070
J122646.7+215246 12 26 46.769 +21 52 46.727 22.48 0.03 20.48 0.03 20.19 0.03 0.43850 0.00040
J122647.4+215207 12 26 47.498 +21 52 07.032 24.03 0.04 21.92 0.03 21.62 0.03 0.43330 0.00010
J122647.1+215309 12 26 47.113 +21 53 09.860 23.12 0.03 21.08 0.03 20.83 0.03 0.43860 0.00050
J122648.4+215131 12 26 48.435 +21 51 31.937 22.39 0.03 20.31 0.03 19.97 0.03 0.43280 0.00050
J122647.1+215338 12 26 47.175 +21 53 38.431 22.12 0.03 20.86 0.03 20.74 0.03 0.44730 0.00050
J122648.5+215207 12 26 48.578 +21 52 07.121 23.52 0.03 21.34 0.03 21.03 0.03 0.43260 0.00020
J122648.1+215254 12 26 48.182 +21 52 54.211 22.07 0.03 20.03 0.03 19.68 0.03 0.42920 0.00070
J122648.4+215322 12 26 48.486 +21 53 22.892 21.84 0.03 19.79 0.03 19.48 0.03 0.43280 0.00010
J122649.7+215128 12 26 49.786 +21 51 28.738 22.57 0.03 20.39 0.03 20.10 0.03 0.43360 0.00030
J122650.4+215054 12 26 50.427 +21 50 54.762 24.06 0.04 22.23 0.03 21.97 0.03 0.43030 0.00090
J122650.0+215142 12 26 50.013 +21 51 42.807 21.40 0.03 19.67 0.03 19.47 0.03 0.42720 0.00050
J122651.2+215112 12 26 51.211 +21 51 12.141 21.52 0.03 19.97 0.03 19.71 0.03 0.43190 0.00030
J122650.3+215257 12 26 50.310 +21 52 57.727 21.74 0.03 19.98 0.03 19.76 0.03 0.43920 0.00030
J122652.1+215058 12 26 52.156 +21 50 58.257 23.04 0.03 21.02 0.03 20.73 0.03 0.43170 0.00060
J122652.2+215047 12 26 52.280 +21 50 47.607 22.91 0.03 20.88 0.03 20.56 0.03 0.43570 0.00020
J122650.3+215345 12 26 50.350 +21 53 45.339 22.23 0.03 20.11 0.03 19.80 0.03 0.43790 0.00010
J122651.2+215253 12 26 51.215 +21 52 53.003 21.50 0.03 19.36 0.03 19.04 0.03 0.43630 0.00110
J122651.0+215334 12 26 51.072 +21 53 34.867 23.12 0.03 20.09 0.03 19.94 0.03 0.44220 0.00030
J122652.3+215145 12 26 52.339 +21 51 45.663 22.35 0.03 20.28 0.03 19.99 0.03 0.43840 0.00010
J122652.5+215134 12 26 52.551 +21 51 34.368 23.69 0.03 21.59 0.03 21.32 0.03 0.43320 0.00030
J122652.4+215201 12 26 52.460 +21 52 01.841 23.53 0.04 21.07 0.03 20.16 0.03 0.44390 0.00020
J122651.7+215341 12 26 51.779 +21 53 41.288 22.70 0.03 20.53 0.03 20.09 0.03 0.44160 0.00060
J122654.6+215141 12 26 54.675 +21 51 41.949 23.42 0.03 21.28 0.03 20.98 0.03 0.43360 0.00030
J122643.4+214953 12 26 43.422 +21 49 53.081 21.93 0.03 19.82 0.03 19.49 0.03 0.45892 0.00026
J122643.9+214923 12 26 43.993 +21 49 23.109 22.88 0.03 22.00 0.03 22.05 0.03 0.44086 0.00014
J122644.1+215018 12 26 44.176 +21 50 18.123 22.14 0.03 20.37 0.03 20.13 0.03 0.45771 0.00042
J122645.1+214949 12 26 45.139 +21 49 49.490 22.46 0.03 20.40 0.03 20.13 0.03 0.45823 0.00059
J122644.9+215040 12 26 44.938 +21 50 40.061 21.92 0.03 19.73 0.03 19.39 0.03 0.43877 0.00020
J122645.4+215025 12 26 45.469 +21 50 25.223 22.45 0.03 21.12 0.03 21.11 0.03 0.46981 0.00039
J122647.2+214909 12 26 47.223 +21 49 09.589 21.22 0.03 19.77 0.03 19.57 0.03 0.43302 0.00013
J122647.1+214948 12 26 47.117 +21 49 48.329 21.88 0.03 19.75 0.03 19.45 0.03 0.43329 0.00025
J122647.6+215005 12 26 47.688 +21 50 05.688 23.17 0.03 21.12 0.03 20.84 0.03 0.43739 0.00010
J122648.9+214846 12 26 48.977 +21 48 46.868 23.65 0.03 21.63 0.03 21.27 0.03 0.44325 0.00116
J122648.0+215045 12 26 48.003 +21 50 45.822 23.01 0.03 20.95 0.03 20.58 0.03 0.45976 0.00110
J122649.2+214938 12 26 49.259 +21 49 38.462 23.71 0.03 21.49 0.03 21.17 0.03 0.44486 0.00190
J122650.3+214820 12 26 50.361 +21 48 20.143 22.69 0.03 21.13 0.03 20.98 0.03 0.43907 0.00042
J122650.1+215030 12 26 50.105 +21 50 30.022 22.75 0.03 20.61 0.03 20.28 0.03 0.43826 0.00129
J122651.2+214910 12 26 51.248 +21 49 10.591 23.08 0.03 21.12 0.03 20.83 0.03 0.45012 0.00029
J122649.9+215119 12 26 49.973 +21 51 19.351 23.60 0.03 21.53 0.03 21.22 0.03 0.43051 0.00100
J122652.2+214956 12 26 52.280 +21 49 56.500 22.00 0.03 19.85 0.03 19.54 0.03 0.43471 0.00028
J122653.3+214833 12 26 53.317 +21 48 33.993 23.36 0.03 21.41 0.03 21.09 0.03 0.43430 0.00122
J122653.0+214917 12 26 53.027 +21 49 17.561 22.81 0.03 20.72 0.03 20.45 0.03 0.43969 0.00045
J122653.3+214909 12 26 53.335 +21 49 09.211 23.41 0.03 21.36 0.03 21.08 0.03 0.44070 0.00023
J122653.0+215001 12 26 53.013 +21 50 01.609 23.77 0.04 21.73 0.03 21.42 0.03 0.44504 0.00036
J122654.4+214900 12 26 54.430 +21 49 00.559 22.67 0.03 20.45 0.03 20.13 0.03 0.43568 0.00088
J122655.0+214933 12 26 55.001 +21 49 33.347 22.29 0.03 20.11 0.03 19.79 0.03 0.43313 0.00072
J122655.8+214906 12 26 55.851 +21 49 06.039 23.79 0.03 21.70 0.03 21.44 0.03 0.43230 0.00041
J122656.0+214934 12 26 56.096 +21 49 34.191 22.34 0.03 20.35 0.03 20.05 0.03 0.43858 0.00018
J122655.6+215021 12 26 55.649 +21 50 21.721 22.38 0.03 20.40 0.03 20.16 0.03 0.43661 0.00055
J122655.6+215106 12 26 55.649 +21 51 06.229 23.04 0.03 21.10 0.03 20.86 0.03 0.43678 0.00015
J122656.8+214934 12 26 56.884 +21 49 34.562 23.53 0.03 21.42 0.03 21.11 0.03 0.43152 0.00021
J122656.2+215039 12 26 56.290 +21 50 39.601 22.12 0.03 20.12 0.03 19.84 0.03 0.43594 0.00033
J122656.8+215010 12 26 56.898 +21 50 10.941 23.01 0.03 22.00 0.03 22.07 0.03 0.43656 0.00010
J122657.4+214931 12 26 57.418 +21 49 31.609 23.60 0.03 21.59 0.03 21.34 0.03 0.43603 0.00038
J122658.6+214950 12 26 58.693 +21 49 50.952 22.58 0.03 20.54 0.03 20.25 0.03 0.44071 0.00075
J122648.1+215253 12 26 48.153 +21 52 53.415 22.07 0.03 20.03 0.03 19.68 0.03 0.43040 0.00060
J122648.4+215322 12 26 48.453 +21 53 22.110 21.84 0.03 19.79 0.03 19.48 0.03 0.43280 0.00060
J122649.3+215319 12 26 49.321 +21 53 19.844 22.89 0.03 20.82 0.03 20.53 0.03 0.43150 0.00060
J122651.1+215111 12 26 51.182 +21 51 11.359 21.52 0.03 19.97 0.03 19.71 0.03 0.43300 0.00060
J122650.4+215253 12 26 50.490 +21 52 53.991 23.00 0.03 20.87 0.03 20.55 0.03 0.44070 0.00060
J122650.9+215226 12 26 50.991 +21 52 26.635 22.13 0.03 20.79 0.03 20.79 0.03 0.43210 0.00060
J122651.7+215224 12 26 51.749 +21 52 24.974 20.88 0.03 18.73 0.03 18.41 0.03 0.43750 0.00060
J122652.3+215144 12 26 52.313 +21 51 44.874 22.35 0.03 20.28 0.03 19.99 0.03 0.43880 0.00060
J122652.9+215231 12 26 52.921 +21 52 31.456 21.75 0.03 19.58 0.03 19.30 0.03 0.43380 0.00060
J122654.5+215235 12 26 54.595 +21 52 35.672 23.00 0.03 20.82 0.03 20.48 0.03 0.43840 0.00060
J122650.9+215228 12 26 50.914 +21 52 28.064 22.64 0.03 20.39 0.03 20.10 0.03 0.43750 0.00060
J122651.5+214855 12 26 51.522 +21 48 55.265 22.61 0.03 21.05 0.03 20.86 0.03 0.43990 0.00060
J122650.9+214955 12 26 50.940 +21 49 55.745 21.92 0.03 20.13 0.03 19.75 0.03 0.43850 0.00060
J122651.7+214942 12 26 51.735 +21 49 42.568 22.81 0.03 20.50 0.03 20.16 0.03 0.43260 0.00060
J122652.2+214952 12 26 52.277 +21 49 52.003 23.36 0.03 21.14 0.03 20.88 0.03 0.43480 0.00060
J122648.0+215022 12 26 48.069 +21 50 22.325 22.61 0.03 20.46 0.03 20.19 0.03 0.43390 0.00060
J122649.0+214959 12 26 49.080 +21 49 59.528 22.85 0.03 20.80 0.03 20.54 0.03 0.43100 0.00060
J122649.5+215006 12 26 49.534 +21 50 06.519 22.48 0.03 20.51 0.03 20.27 0.03 0.43620 0.00060
J122657.5+214949 12 26 57.568 +21 49 49.661 24.10 0.04 21.91 0.03 21.61 0.03 0.43360 0.00060
J122631.5+214331 12 26 31.556 +21 43 31.148 22.91 0.03 21.09 0.03 20.78 0.03 0.34716 0.00031
J122702.5+214513 12 27 02.542 +21 45 13.342 21.38 0.03 19.14 0.03 18.80 0.03 0.43767 0.00008
J122651.1+214952 12 26 51.116 +21 49 52.332 19.86 0.03 17.66 0.03 17.35 0.03 0.43764 0.00008
J122700.8+214520 12 27 00.831 +21 45 20.435 23.05 0.03 20.92 0.03 20.62 0.03 0.43930 0.00017
J122659.6+214248 12 26 59.623 +21 42 48.439 22.69 0.03 20.61 0.03 20.30 0.03 0.43144 0.00014
J122645.5+214654 12 26 45.509 +21 46 54.024 22.26 0.03 20.21 0.03 19.85 0.03 0.45925 0.00015
J122657.5+214557 12 26 57.594 +21 45 57.026 22.10 0.03 20.09 0.03 19.84 0.03 0.34793 0.00011
J122606.6+215332 12 26 06.636 +21 53 32.629 22.34 0.03 20.29 0.03 19.94 0.03 0.43243 0.00013
J122643.3+215224 12 26 43.396 +21 52 24.747 22.57 0.03 20.42 0.03 20.14 0.03 0.43770 0.00013
J122614.8+214626 12 26 14.810 +21 46 26.215 22.12 0.03 20.11 0.03 19.82 0.03 0.37874 0.00010
J122603.8+215201 12 26 03.809 +21 52 01.923 22.24 0.03 20.24 0.03 19.91 0.03 0.48250 0.00014
J122604.0+215815 12 26 04.069 +21 58 15.760 22.43 0.03 20.88 0.03 20.70 0.03 0.43565 0.00019
J122652.4+215629 12 26 52.478 +21 56 29.516 22.02 0.03 19.98 0.03 19.70 0.03 0.43826 0.00008
J122605.6+215850 12 26 05.658 +21 58 50.161 21.95 0.03 19.93 0.03 19.61 0.03 0.43109 0.00011
J122650.3+215629 12 26 50.372 +21 56 29.474 22.90 0.03 20.76 0.03 20.44 0.03 0.43481 0.00012
J122629.3+215617 12 26 29.312 +21 56 17.424 22.13 0.03 20.00 0.03 19.65 0.03 0.42949 0.00010
J122642.7+215807 12 26 42.773 +21 58 07.630 22.75 0.03 20.77 0.03 20.36 0.03 0.57155 0.00015
J122650.4+214442 12 26 50.471 +21 44 42.037 22.37 0.03 20.34 0.03 20.08 0.03 0.37859 0.00011
J122656.3+214854 12 26 56.353 +21 48 54.098 23.10 0.03 21.08 0.03 20.77 0.03 0.43751 0.00015
J122654.5+214426 12 26 54.521 +21 44 26.382 22.64 0.03 20.56 0.03 20.26 0.03 0.43877 0.00014
J122653.4+214913 12 26 53.478 +21 49 13.784 22.93 0.03 20.78 0.03 20.35 0.03 0.44214 0.00014
J122643.5+214243 12 26 43.590 +21 42 43.186 21.72 0.03 19.67 0.03 19.39 0.03 0.34813 0.00012
J122633.4+214645 12 26 33.483 +21 46 45.743 22.90 0.03 20.91 0.03 20.63 0.03 0.35459 0.00016
J122641.5+214829 12 26 41.598 +21 48 29.159 22.80 0.03 20.68 0.03 20.40 0.03 0.43132 0.00014
J122648.6+214947 12 26 48.647 +21 49 47.650 22.48 0.03 20.40 0.03 20.14 0.03 0.44485 0.00012
J122625.1+214734 12 26 25.166 +21 47 34.571 22.81 0.03 20.84 0.03 20.59 0.03 0.43117 0.00017
J122604.4+214125 12 26 04.431 +21 41 25.066 22.34 0.03 20.29 0.03 20.11 0.03 0.45895 0.00013
J122643.4+214949 12 26 43.407 +21 49 49.400 23.05 0.03 21.10 0.03 20.74 0.03 0.45906 0.00015
J122633.1+215056 12 26 33.116 +21 50 56.060 22.97 0.03 20.85 0.03 20.58 0.03 0.43686 0.00010
J122547.7+214404 12 25 47.714 +21 44 04.093 21.98 0.03 20.18 0.03 19.98 0.03 0.35617 0.00012
J122556.5+214545 12 25 56.583 +21 45 45.827 22.48 0.03 20.66 0.03 20.41 0.03 0.33632 0.00016
J122644.7+215114 12 26 44.762 +21 51 14.236 22.80 0.03 20.77 0.03 20.51 0.03 0.43943 0.00014
J122621.8+214901 12 26 21.815 +21 49 01.370 21.11 0.03 19.09 0.03 18.81 0.03 0.34793 0.00009
J122608.6+214734 12 26 08.646 +21 47 34.955 21.31 0.03 19.44 0.03 19.15 0.03 0.43462 0.00010
J122649.3+215223 12 26 49.387 +21 52 23.037 22.75 0.03 20.71 0.03 20.38 0.03 0.43515 0.00014
J122550.6+214911 12 25 50.684 +21 49 11.285 23.69 0.03 21.59 0.03 21.24 0.03 0.54931 0.00013
J122556.3+215117 12 25 56.364 +21 51 17.133 22.35 0.03 20.15 0.03 19.81 0.03 0.43741 0.00014
J122558.6+215053 12 25 58.612 +21 50 53.224 22.31 0.03 20.27 0.03 19.90 0.03 0.43400 0.00016
J122621.8+215105 12 26 21.841 +21 51 05.048 22.31 0.03 20.27 0.03 19.99 0.03 0.40282 0.00009
J122616.4+215117 12 26 16.454 +21 51 17.099 23.04 0.03 21.13 0.03 20.62 0.03 0.54353 0.00021
J122645.2+215335 12 26 45.267 +21 53 35.176 21.79 0.03 19.79 0.03 19.48 0.03 0.44017 0.00010
J122646.7+215246 12 26 46.736 +21 52 46.274 22.48 0.03 20.48 0.03 20.19 0.03 0.43860 0.00010
J122625.8+215527 12 26 25.814 +21 55 27.209 21.24 0.03 19.04 0.03 18.76 0.03 0.43342 0.00009
J122646.7+215355 12 26 46.736 +21 53 55.384 22.86 0.03 20.66 0.03 20.36 0.03 0.43779 0.00015
J122556.7+215751 12 25 56.796 +21 57 51.089 22.11 0.03 20.12 0.03 19.80 0.03 0.43349 0.00011
J122652.6+215329 12 26 52.657 +21 53 29.683 23.18 0.03 21.11 0.03 20.81 0.03 0.43265 0.00014
J122630.5+215810 12 26 30.586 +21 58 10.432 21.30 0.03 19.18 0.03 18.81 0.03 0.48305 0.00010
J122623.4+215854 12 26 23.478 +21 58 54.830 21.25 0.03 19.65 0.03 19.46 0.03 0.33429 0.00010
J122547.7+220413 12 25 47.714 +22 04 13.743 22.10 0.03 19.99 0.03 19.79 0.03 0.42216 0.00010
J122651.4+215422 12 26 51.412 +21 54 22.438 22.71 0.03 20.63 0.03 20.30 0.03 0.43477 0.00008
J122648.5+215537 12 26 48.519 +21 55 37.351 22.33 0.03 20.31 0.03 20.05 0.03 0.43724 0.00012
J122638.7+215851 12 26 38.727 +21 58 51.830 23.03 0.03 21.05 0.03 20.75 0.03 0.43632 0.00010
J122653.1+215845 12 26 53.115 +21 58 45.142 22.64 0.03 20.72 0.03 20.40 0.03 0.43418 0.00008
J122654.6+215642 12 26 54.624 +21 56 42.624 23.55 0.03 21.57 0.03 21.31 0.03 0.21136 0.00007
J122656.5+220522 12 26 56.547 +22 05 22.483 21.90 0.03 19.81 0.03 19.46 0.03 0.43265 0.00011
J122657.5+220012 12 26 57.598 +22 00 12.071 22.13 0.03 20.67 0.03 20.51 0.03 0.51975 0.00007
J122656.2+215910 12 26 56.287 +21 59 10.452 21.16 0.03 19.02 0.03 18.71 0.03 0.43687 0.00009
J122651.0+220207 12 26 51.097 +22 02 07.551 22.20 0.03 20.13 0.03 19.86 0.03 0.51710 0.00010
J122708.4+220520 12 27 08.467 +22 05 20.492 22.79 0.03 20.70 0.03 20.36 0.03 0.45884 0.00015
J122655.3+215247 12 26 55.397 +21 52 47.564 22.51 0.03 20.47 0.03 20.06 0.03 0.53557 0.00009
J122703.6+215442 12 27 03.644 +21 54 42.186 22.54 0.03 20.43 0.03 20.07 0.03 0.43739 0.00015
J122704.5+215854 12 27 04.581 +21 58 54.405 22.05 0.03 20.50 0.03 20.15 0.03 0.66557 0.00006
J122713.3+220147 12 27 13.363 +22 01 47.639 23.03 0.03 20.91 0.03 20.55 0.03 0.51262 0.00013
J122700.7+215512 12 27 00.798 +21 55 12.591 21.55 0.03 19.51 0.03 19.16 0.03 0.48347 0.00010
J122730.4+220452 12 27 30.406 +22 04 52.003 22.39 0.03 20.39 0.03 20.07 0.03 0.45994 0.00010
J122739.4+220238 12 27 39.419 +22 02 38.595 22.27 0.03 20.23 0.03 19.92 0.03 0.43486 0.00011
J122709.6+215615 12 27 09.620 +21 56 15.755 22.95 0.03 20.99 0.03 20.71 0.03 0.43843 0.00019
J122726.9+220050 12 27 26.906 +22 00 50.619 22.17 0.03 20.08 0.03 19.71 0.03 0.45971 0.00014
J122729.3+220058 12 27 29.348 +22 00 58.743 21.58 0.03 19.54 0.03 19.21 0.03 0.51711 0.00010
J122702.6+215305 12 27 02.670 +21 53 05.403 22.72 0.03 20.57 0.03 20.15 0.03 0.52057 0.00013
J122702.8+215335 12 27 02.845 +21 53 35.005 21.46 0.03 19.39 0.03 19.10 0.03 0.53412 0.00007
J122743.0+220105 12 27 43.085 +22 01 05.376 22.17 0.03 20.06 0.03 19.74 0.03 0.43671 0.00011
J122745.3+220243 12 27 45.322 +22 02 43.168 23.09 0.03 21.04 0.03 20.70 0.03 0.46010 0.00012
J122733.8+215513 12 27 33.838 +21 55 13.724 22.42 0.03 20.24 0.03 19.89 0.03 0.46009 0.00009
J122741.7+215739 12 27 41.711 +21 57 39.402 22.58 0.03 20.43 0.03 20.08 0.03 0.46207 0.00013
J122742.6+215711 12 27 42.612 +21 57 11.834 20.89 0.03 18.87 0.03 18.63 0.03 0.36946 0.00008
J122705.8+215228 12 27 05.848 +21 52 28.222 22.96 0.03 20.92 0.03 20.53 0.03 0.52461 0.00016
J122755.7+215405 12 27 55.745 +21 54 05.066 21.96 0.03 19.96 0.03 19.67 0.03 0.45940 0.00009
J122745.2+215521 12 27 45.234 +21 55 21.998 21.80 0.03 19.72 0.03 19.40 0.03 0.45833 0.00008
J122757.5+215440 12 27 57.528 +21 54 40.662 22.90 0.03 20.74 0.03 20.42 0.03 0.45900 0.00015
J122725.6+215316 12 27 25.613 +21 53 16.081 22.94 0.03 20.95 0.03 20.61 0.03 0.46117 0.00014
J122718.1+215218 12 27 18.164 +21 52 18.121 23.08 0.03 20.94 0.03 20.61 0.03 0.48345 0.00012
J122754.8+215016 12 27 54.814 +21 50 16.722 22.02 0.03 19.98 0.03 19.75 0.03 0.51052 0.00013
J122708.0+215203 12 27 08.035 +21 52 03.132 22.98 0.03 21.01 0.03 20.59 0.03 0.52303 0.00013
J122758.9+214517 12 27 58.942 +21 45 17.709 23.31 0.03 21.25 0.03 20.96 0.03 0.43667 0.00020
J122747.9+215020 12 27 47.963 +21 50 20.890 22.50 0.03 20.44 0.03 20.14 0.03 0.45871 0.00015
J122759.4+214547 12 27 59.487 +21 45 47.063 22.48 0.03 20.85 0.03 20.49 0.03 0.54456 0.00013
J122803.0+214858 12 28 03.091 +21 48 58.815 22.06 0.03 19.96 0.03 19.75 0.03 0.42458 0.00011
J122652.5+215209 12 26 52.518 +21 52 09.991 22.27 0.03 20.16 0.03 19.86 0.03 0.43020 0.00011
J122722.1+214944 12 27 22.181 +21 49 44.326 22.07 0.03 20.01 0.03 19.73 0.03 0.39547 0.00011
J122728.6+214623 12 27 28.656 +21 46 23.977 22.79 0.03 20.78 0.03 20.46 0.03 0.43216 0.00015
J122705.7+215036 12 27 05.706 +21 50 36.106 22.83 0.03 20.86 0.03 20.59 0.03 0.43340 0.00016
J122759.1+214151 12 27 59.176 +21 41 51.742 21.78 0.03 20.02 0.03 19.90 0.03 0.30266 0.00012
J122723.2+214428 12 27 23.269 +21 44 28.607 21.96 0.03 19.86 0.03 19.53 0.03 0.43718 0.00009
J122720.4+214748 12 27 20.427 +21 47 48.214 22.47 0.03 20.36 0.03 20.07 0.03 0.43299 0.00013
J122741.9+214141 12 27 41.993 +21 41 41.704 22.56 0.03 20.42 0.03 20.12 0.03 0.47526 0.00010
J122709.5+214923 12 27 09.536 +21 49 23.184 23.10 0.03 21.04 0.03 20.77 0.03 0.43991 0.00012
J122712.7+214143 12 27 12.788 +21 41 43.901 22.73 0.03 20.72 0.03 20.43 0.03 0.38771 0.00011
J122705.2+214743 12 27 05.208 +21 47 43.291 22.48 0.03 20.48 0.03 20.17 0.03 0.43848 0.00012
J122714.4+214309 12 27 14.476 +21 43 09.361 23.19 0.03 21.00 0.03 20.58 0.03 0.53538 0.00015
J122713.9+214431 12 27 13.923 +21 44 31.854 22.58 0.03 20.44 0.03 20.04 0.03 0.46016 0.00009
J122705.3+214220 12 27 05.354 +21 42 20.176 21.22 0.03 19.09 0.03 18.70 0.03 0.43355 0.00011
J122711.6+214058 12 27 11.682 +21 40 58.040 20.88 0.03 18.81 0.03 18.55 0.03 0.37874 0.00009
J122721.3+220224 12 27 21.361 +22 02 24.573 21.85 0.03 19.67 0.03 19.30 0.03 0.45898 0.00013
J122727.7+220538 12 27 27.762 +22 05 38.839 22.70 0.03 21.02 0.03 20.59 0.03 0.57339 0.00014
J122659.7+220233 12 26 59.744 +22 02 33.575 22.53 0.03 20.49 0.03 20.16 0.03 0.51393 0.00012
J122759.2+215232 12 27 59.213 +21 52 32.836 22.72 0.03 20.66 0.03 20.41 0.03 0.45850 0.00012
J122729.5+215649 12 27 29.539 +21 56 49.861 22.32 0.03 20.16 0.03 19.87 0.03 0.46121 0.00009
J122800.0+215256 12 28 00.084 +21 52 56.429 22.77 0.03 20.81 0.03 20.48 0.03 0.45808 0.00020
J122757.9+220005 12 27 57.986 +22 00 05.734 22.78 0.03 20.77 0.03 20.38 0.03 0.43607 0.00017
J122711.9+214647 12 27 11.924 +21 46 47.645 22.85 0.03 20.75 0.03 20.40 0.03 0.43270 0.00014
J122730.7+214734 12 27 30.721 +21 47 34.090 23.01 0.03 21.01 0.03 20.70 0.03 0.43486 0.00018
J122550.8+220327 12 25 50.897 +22 03 27.846 21.91 0.03 21.44 0.03 21.60 0.03 0.00035 0.00050
J122555.5+214557 12 25 55.534 +21 45 57.485 18.17 0.03 17.36 0.03 17.35 0.03 0.06868 0.00050
J122557.5+214831 12 25 57.547 +21 48 31.943 22.35 0.03 20.08 0.03 19.52 0.03 0.56521 0.00050
J122559.8+215503 12 25 59.858 +21 55 03.605 20.57 0.03 18.54 0.03 18.29 0.03 0.34729 0.00050
J122600.8+215102 12 26 00.814 +21 51 02.128 20.79 0.03 18.76 0.03 18.45 0.03 0.43679 0.00050
J122605.2+215821 12 26 05.290 +21 58 21.320 22.53 0.03 20.35 0.03 19.80 0.03 0.54938 0.00050
J122608.2+215144 12 26 08.268 +21 51 44.194 18.20 0.03 17.20 0.03 17.09 0.03 0.18673 0.00050
J122615.9+214255 12 26 15.926 +21 42 55.829 17.00 0.03 15.95 0.03 15.71 0.03 0.07322 0.00050
J122617.8+220408 12 26 17.856 +22 04 08.076 22.14 0.03 19.97 0.03 19.49 0.03 0.53420 0.00050
J122618.6+215717 12 26 18.626 +21 57 17.885 22.05 0.03 19.95 0.03 19.56 0.03 0.47961 0.00050
J122619.8+220543 12 26 19.805 +22 05 43.386 20.86 0.03 20.48 0.03 20.86 0.03 2.53127 0.00050
J122622.9+215401 12 26 22.903 +21 54 01.692 21.00 0.03 18.89 0.03 18.59 0.03 0.43027 0.00050
J122624.3+215632 12 26 24.355 +21 56 32.968 15.99 0.03 16.57 0.03 15.75 0.03 -0.00041 0.00050
J122634.5+214956 12 26 34.565 +21 49 56.896 19.11 0.03 18.53 0.03 18.46 0.03 0.12829 0.00050
J122634.7+215218 12 26 34.786 +21 52 18.746 18.32 0.03 18.22 0.03 17.79 0.03 0.00011 0.00050
J122638.8+215322 12 26 38.806 +21 53 22.704 21.04 0.03 18.84 0.03 18.50 0.03 0.43427 0.00050
J122639.3+215950 12 26 39.391 +21 59 50.687 22.12 0.03 20.12 0.03 19.56 0.03 0.61154 0.00050
J122641.8+215217 12 26 41.849 +21 52 17.512 21.53 0.03 20.09 0.03 19.84 0.03 0.43463 0.00050
J122649.1+215002 12 26 49.178 +21 50 02.436 20.77 0.03 18.56 0.03 18.28 0.03 0.43121 0.00050
J122649.6+214603 12 26 49.694 +21 46 03.803 22.29 0.03 20.10 0.03 19.53 0.03 0.56756 0.00050
J122650.6+220404 12 26 50.676 +22 04 04.649 17.98 0.03 17.17 0.03 17.15 0.03 0.07346 0.00050
J122651.6+215225 12 26 51.684 +21 52 25.446 20.88 0.03 18.73 0.03 18.41 0.03 0.43774 0.00050
J122655.4+214039 12 26 55.428 +21 40 39.565 18.29 0.03 17.09 0.03 16.97 0.03 0.21168 0.00050
J122655.7+214640 12 26 55.730 +21 46 40.436 22.31 0.03 20.11 0.03 19.68 0.03 0.51946 0.00050
J122656.7+220124 12 26 56.794 +22 01 24.737 21.26 0.03 19.47 0.03 19.13 0.03 0.51859 0.00050
J122659.2+214406 12 26 59.251 +21 44 06.223 21.58 0.03 19.65 0.03 19.30 0.03 0.44059 0.00050
J122700.1+215657 12 27 00.113 +21 56 57.325 19.11 0.03 18.96 0.03 18.93 0.03 0.43634 0.00050
J122703.4+215338 12 27 03.475 +21 53 38.962 20.81 0.03 18.60 0.03 18.35 0.03 0.44023 0.00050
J122705.1+214349 12 27 05.153 +21 43 49.296 20.86 0.03 20.48 0.03 20.84 0.03 2.46813 0.00050
J122708.6+215532 12 27 08.626 +21 55 32.974 21.84 0.03 20.09 0.03 19.74 0.03 0.55613 0.00050
J122708.7+215117 12 27 08.717 +21 51 17.474 21.99 0.03 20.24 0.03 19.72 0.03 0.66368 0.00050
J122710.2+220136 12 27 10.224 +22 01 36.552 21.82 0.03 20.14 0.03 19.67 0.03 0.65382 0.00050
J122710.4+214126 12 27 10.445 +21 41 26.218 20.95 0.03 20.27 0.03 20.85 0.03 0.76027 0.00050
J122711.4+214737 12 27 11.474 +21 47 37.169 20.93 0.03 19.23 0.03 18.92 0.03 -0.00020 0.00050
J122712.2+220237 12 27 12.250 +22 02 37.514 17.65 0.03 18.03 0.03 17.71 0.03 0.00002 0.00050
J122716.2+215001 12 27 16.212 +21 50 01.943 21.02 0.03 20.04 0.03 20.05 0.03 0.72646 0.00050
J122719.5+215109 12 27 19.567 +21 51 09.227 22.41 0.03 20.36 0.03 19.82 0.03 0.56736 0.00050
J122723.6+215528 12 27 23.698 +21 55 28.578 20.34 0.03 18.42 0.03 18.20 0.03 0.31538 0.00050
J122724.9+214844 12 27 24.998 +21 48 44.557 19.22 0.03 18.02 0.03 16.84 0.03 -0.00002 0.00050
J122728.0+214626 12 27 28.090 +21 46 26.821 20.95 0.03 18.84 0.03 18.52 0.03 0.43410 0.00050
J122730.4+220142 12 27 30.478 +22 01 42.661 20.20 0.03 18.34 0.03 18.10 0.03 0.32243 0.00050
J122730.8+215807 12 27 30.898 +21 58 07.565 20.56 0.03 19.23 0.03 19.10 0.03 0.16072 0.00050
J122737.8+214416 12 27 37.838 +21 44 16.757 22.51 0.03 20.29 0.03 19.78 0.03 0.58560 0.00050
J122739.9+220610 12 27 39.907 +22 06 10.552 21.94 0.03 21.51 0.03 21.80 0.03 2.59212 0.00050
J122740.5+215424 12 27 40.558 +21 54 24.455 21.68 0.03 19.30 0.03 19.00 0.03 0.46118 0.00050
J122740.6+220438 12 27 40.666 +22 04 38.957 18.14 0.03 17.44 0.03 17.47 0.03 0.03209 0.00050
J122740.8+215059 12 27 40.858 +21 50 59.204 21.10 0.03 20.51 0.03 20.54 0.03 0.00032 0.00050
J122741.5+215741 12 27 41.542 +21 57 41.436 21.48 0.03 19.32 0.03 19.02 0.03 0.00000 0.00050
J122742.0+220234 12 27 42.048 +22 02 34.559 20.59 0.03 19.20 0.03 19.05 0.03 0.16054 0.00050
J122743.6+215540 12 27 43.637 +21 55 40.174 19.41 0.03 19.31 0.03 19.43 0.03 2.48004 0.00050
J122749.1+220618 12 27 49.140 +22 06 18.320 17.81 0.03 17.11 0.03 17.13 0.03 0.06637 0.00050
J122749.4+215519 12 27 49.445 +21 55 19.625 21.71 0.03 19.45 0.03 18.99 0.03 0.45879 0.00050
J122750.5+220623 12 27 50.530 +22 06 23.674 18.19 0.03 20.62 0.03 17.96 0.03 0.69473 0.00050
J122752.2+220425 12 27 52.229 +22 04 25.957 18.25 0.03 17.64 0.03 17.38 0.03 0.06581 0.00050
J122752.3+214015 12 27 52.313 +21 40 15.460 22.12 0.03 21.87 0.03 21.90 0.03 2.33051 0.00050
J122758.1+214541 12 27 58.138 +21 45 41.767 22.37 0.03 20.11 0.03 19.73 0.03 0.54461 0.00050
J122759.9+215918 12 27 59.942 +21 59 18.784 21.43 0.03 19.13 0.03 18.58 0.03 0.57298 0.00050
